115
0 865 34 987 777 734 527 366 816 42 440 365 81 640 401 363 878 671 418 327 51 330 429 249 109 903 846 48 555 191 369 225 90 786 654 689 859 604 279 828 418 945 783 644 293 271 612 811 62 838 794 221 757 488 516 106 906 410 899 123 713 715 111 709 720 828 816 927 835 55 319 978 107 71 355 793 645 992 630 687 922 199 460 71 267 821 222 462 23 59 390 427 589 399 478 11 663 98 617 518 353 198 712 805 843 587 204 330 390 391 649 812 150 589 865
865 0 922 399 120 863 117 108 164 605 688 442 288 240 435 105 460 778 602 950 383 984 689 805 681 844 696 919 241 581 201 698 655 418 240 226 157 466 294 190 405 619 254 996 728 836 13 685 496 60 754 690 923 131 33 798 885 881 781 322 509 679 790 921 304 510 84 952 231 289 474 910 967 169 206 810 506 304 823 706 645 74 261 361 550 165 66 506 56 512 85 495 634 788 324 469 615 937 327 518 881 993 631 987 462 648 640 418 567 483 76 180 540 38 789
34 922 0 465 163 215 777 658 211 187 349 38 54 822 934 603 921 888 650 231 869 417 547 875 793 881 641 965 698 727 792 876 271 937 86 774 34 526 555 976 470 239 482 864 806 279 303 21 935 537 788 359 446 285 381 453 723 591 589 51 448 165 609 120 371 730 488 280 146 841 240 61 678 544 759 934 108 575 41 657 208 460 540 859 296 657 709 258 814 603 295 152 170 758 616 932 719 236 379 95 985 598 840 769 661 368 754 319 228 133 27 215 656 56 605
987 399 465 0 430 885 922 99 309 868 571 183 777 10 163 566 417 631 558 81 415 323 549 194 920 923 131 470 348 28 166 224 836 219 105 89 60 887 548 230 770 204 794 309 800 226 187 550 56 987 847 540 212 938 368 931 614 852 782 887 145 107 273 6 563 440 677 826 575 917 289 413 201 155 13 905 772 407 337 296 164 594 180 569 395 329 554 738 44 115 569 79 970 327 882 935 46 254 538 292 239 320 62 643 278 911 558 952 893 693 810 825 969 936 224
777 120 163 430 0 476 159 845 980 67 529 651 630 212 25 815 879 467 494 802 218 747 33 813 133 869 21 750 113 635 376 748 987 741 199 914 980 862 790 410 423 843 261 179 547 632 599 309 426 850 651 209 470 194 164 592 598 34 833 393 343 107 563 160 969 353 215 656 346 239 690 243 213 237 23 945 571 518 915 64 79 716 207 385 706 912 990 496 933 706 962 780 445 622 836 61 873 282 408 157 44 55 520 888 153 306 12 899 942 246 142 693 722 101 962
734 863 215 885 476 0 382 834 469 812 143 500 934 642 698 494 749 150 734 8 704 4 227 782 656 39 775 962 502 559 279 476 220 701 621 17 741 615 411 744 25 805 165 300 709 101 279 145 463 396 208 795 643 102 206 619 439 17 675 716 592 264 862 462 630 449 861 659 815 80 20 394 294 18 720 236 648 887 785 978 588 379 788 399 325 613 855 384 764 234 381 847 590 754 637 568 247 682 815 952 367 840 627 189 50 132 327 395 11 566 205 743 231 40 108
527 117 777 922 159 382 0 376 611 571 713 968 459 855 52 46 206 999 97 127 183 790 529 929 832 197 851 840 759 992 110 761 714 390 717 678 568 97 538 345 590 374 977 949 795 337 622 427 801 659 374 696 155 299 192 341 252 919 579 235 417 920 62 767 12 756 826 182 576 938 465 44 470 243 67 165 828 136 485 144 610 219 135 217 315 921 417 233 507 585 624 108 890 100 523 54 876 956 450 863 84 984 46 301 360 410 860 414 236 113 761 900 234 696 318
366 108 658 99 845 834 376 0 920 882 241 178 735 667 449 224 947 296 199 920 905 394 242 13 757 558 358 931 418 186 581 514 423 987 311 458 747 61 11 141 337 481 43 581 292 390 925 66 550 634 289 931 252 749 456 100 455 202 987 352 244 107 744 412 22 313 909 684 17 680 778 697 730 342 757 971 571 469 310 772 446 281 136 709 185 915 994 678 854 75 681 540 878 531 381 227 291 838 750 957 861 693 302 707 268 343 946 206 93 903 125 467 68 72 784
816 164 211 309 980 469 611 920 0 775 891 245 642 890 742 996 786 321 372 912 16 743 616 379 138 226 238 520 901 303 686 796 501 894 219 249 536 207 321 814 849 155 412 684 479 872 900 973 736 755 392 531 333 382 475 285 839 644 912 717 729 133 746 438 624 738 492 503 424 982 457 163 719 491 740 244 277 167 753 288 464 56 930 746 784 356 434 203 885 37 518 568 332 123 973 104 702 360 340 810 985 653 523 496 636 964 696 18 311 736 219 857 437 600 618
42 605 187 868 67 812 571 882 775 0 174 884 531 941 846 817 456 466 638 710 785 647 294 279 205 557 207 402 151 987 312 766 191 485 120 24 546 951 251 843 144 497 237 363 362 628 347 228 581 360 363 974 126 943 536 323 819 643 220 778 541 287 865 137 908 511 442 485 22 828 939 560 595 76 148 532 419 780 896 753 334 122 275 967 444 594 536 198 158 106 568 73 557 953 699 216 669 172 844 379 855 764 95 406 489 333 376 277 1 23 158 748 916 304 257
440 688 349 571 529 143 713 241 891 174 0 115 925 531 603 166 40 183 691 948 321 700 643 735 423 153 649 564 648 698 238 42 138 661 919 250 725 535 879 404 645 879 71 801 865 614 511 329 595 471 40 68 541 756 884 465 999 101 512 907 464 338 229 357 785 651 490 173 239 371 942 218 65 517 278 356 731 937 561 873 212 343 451 349 706 898 485 311 981 397 880 270 400 986 452 708 328 437 754 149 974 987 868 455 832 856 494 516 60 744 928 360 879 771 474
365 442 38 183 651 500 968 178 245 884 115 0 969 118 500 152 962 723 968 1 667 146 302 571 615 249 586 917 317 647 980 699 90 93 537 309 442 262 82 406 507 383 421 143 585 151 139 763 437 67 354 922 154 22 955 618 333 544 796 910 171 252 604 935 940 337 649 329 363 940 682 473 709 946 641 237 111 346 358 646 361 456 630 70 291 26 502 316 886 819 803 479 557 232 427 674 397 721 557 617 662 911 506 613 533 554 819 430 623 2 77 340 286 401 103
81 288 54 777 630 934 459 735 642 531 925 969 0 263 224 654 386 306 129 619 726 666 107 876 135 507 367 249 153 279 929 698 599 173 280 359 122 760 32 573 331 608 625 788 886 73 446 890 136 689 195 869 113 100 185 977 747 479 249 642 517 899 138 510 592 635 917 219 120 266 48 399 971 813 414 140 756 13 175 23 840 650 203 117 732 21 789 382 560 677 358 876 838 307 310 819 382 360 379 855 762 84 211 166 129 964 591 581 471 343 192 556 880 714 247
640 240 822 10 212 642 855 667 890 941 531 118 263 0 435 105 176 435 374 843 895 491 261 184 921 329 998 366 809 709 298 256 784 702 98 908 75 798 456 487 526 108 643 140 418 892 652 636 417 983 835 358 447 527 459 665 266 99 38 946 826 99 842 337 857 714 416 690 192 389 930 180 102 718 322 563 87 142 426 283 168 833 775 987 559 631 381 551 387 423 285 282 869 794 696 722 413 359 498 936 907 68 512 505 256 963 247 594 419 575 904 385 729 260 478
401 435 934 163 25 698 52 449 742 846 603 500 224 435 0 817 146 328 772 734 48 438 74 672 298 872 57 241 256 554 315 84 777 550 811 203 459 839 282 862 233 77 638 627 793 267 647 690 464 27 396 144 434 313 303 161 871 196 580 49 194 237 953 607 126 935 670 846 521 105 897 84 536 145 267 373 464 855 159 249 461 206 115 813 312 826 945 803 597 212 937 196 146 268 236 127 596 647 272 532 893 326 819 872 842 692 714 464 661 402 312 847 689 776 483
363 105 603 566 815 494 46 224 996 817 166 152 654 105 817 0 804 977 574 170 409 576 859 491 516 310 35 449 730 731 851 870 71 473 349 127 435 724 619 526 469 461 686 389 240 135 127 821 435 76 957 523 264 722 840 743 119 362 695 790 98 65 191 742 181 561 790 883 586 81 259 145 971 254 896 797 508 64 987 691 288 483 744 254 936 365 682 958 453 227 357 548 217 354 839 737 817 415 602 81 388 364 340 661 803 647 761 303 347 760 912 114 193 368 92
878 460 921 417 879 749 206 947 786 456 40 962 386 176 146 804 0 7 720 204 250 775 554 160 198 339 996 569 442 7 989 2 336 242 409 127 875 930 463 792 844 115 518 982 20 702 327 560 295 106 169 872 413 495 796 592 713 21 875 245 231 707 827 51 142 357 499 36 971 511 368 666 225 166 4 684 219 177 113 988 467 380 366 797 723 982 726 848 826 556 910 488 162 13 689 260 646 786 469 211 704 884 54 556 855 715 220 303 676 138 417 167 292 507 458
671 778 888 631 467 150 999 296 321 466 183 723 306 435 328 977 7 0 682 4 160 374 821 987 107 380 201 207 677 516 411 931 279 697 916 769 817 867 571 840 230 689 439 866 336 231 642 766 708 456 644 75 641 593 823 243 173 574 556 21 145 868 511 696 161 488 312 511 852 264 213 744 903 124 576 436 574 398 462 383 241 974 179 557 799 131 316 419 293 397 24 433 278 636 930 812 163 1 964 593 629 775 315 502 976 178 947 475 417 658 361 221 281 9 346
418 602 650 558 494 734 97 199 372 638 691 968 129 374 772 574 720 682 0 930 86 970 912 254 77 474 56 118 260 60 761 267 791 278 740 984 519 888 139 328 674 763 658 529 812 828 92 8 884 896 892 573 796 756 748 226 789 453 532 406 152 52 630 322 859 669 336 108 356 407 517 520 913 323 101 270 356 233 396 378 289 187 76 832 875 408 459 253 287 129 494 385 619 915 380 407 206 858 649 447 526 521 12 165 409 568 748 866 556 854 112 783 150 158 337
327 950 231 81 802 8 127 920 912 710 948 1 619 843 734 170 204 4 930 0 798 131 311 539 929 947 763 397 33 743 622 829 339 562 567 231 298 764 127 347 966 94 599 634 611 652 736 828 955 154 215 427 364 594 697 735 920 948 583 600 80 396 611 809 183 646 928 89 783 703 728 473 350 532 200 915 752 61 25 213 941 794 865 601 309 990 933 701 214 383 888 439 816 599 108 766 572 325 8 218 868 144 278 621 187 241 859 183 380 467 271 691 780 737 822
51 383 869 415 218 704 183 905 16 785 321 667 726 895 48 409 250 160 86 798 0 627 98 644 566 497 197 897 778 628 783 136 194 52 409 667 117 505 770 183 689 940 964 203 516 705 764 884 847 527 934 544 655 245 503 485 537 760 222 38 430 490 558 635 878 502 867 958 584 952 642 775 925 388 751 183 896 134 678 810 552 675 702 278 384 620 53 648 582 895 457 708 464 70 141 787 874 923 457 716 527 422 900 849 537 569 567 155 400 16 891 541 117 800 64
330 984 417 323 747 4 790 394 743 647 700 146 666 491 438 576 775 374 970 131 627 0 700 581 512 546 159 362 147 562 305 998 101 298 660 897 35 591 880 833 677 932 343 92 541 445 396 285 411 309 185 389 321 688 259 321 951 950 520 291 887 173 68 237 650 643 848 504 112 667 757 438 185 722 80 763 942 354 824 524 210 310 898 893 411 406 292 66 705 203 808 540 836 253 9 659 69 458 735 59 126 428 500 358 920 504 649 310 830 662 888 640 458 359 357
429 689 547 549 33 227 529 242 616 294 643 302 107 261 74 859 554 821 912 311 98 700 0 713 399 941 784 109 565 552 85 97 539 976 824 409 637 914 841 10 261 521 17 178 396 95 516 626 472 193 451 541 476 922 958 549 392 702 258 773 65 755 632 404 545 136 967 738 144 388 764 420 761 383 608 946 185 687 378 412 618 679 169 128 980 274 73 118 975 882 674 564 984 354 689 426 720 936 686 917 656 694 24 834 254 835 117 992 857 547 456 468 162 378 543
249 805 875 194 813 782 929 13 379 279 735 571 876 184 672 491 160 987 254 539 644 581 713 0 710 733 824 943 979 637 838 452 861 204 403 22 965 681 449 560 29 223 442 831 424 272 669 526 910 60 698 808 265 689 469 910 294 870 638 382 425 23 757 46 270 939 303 695 322 324 82 29 564 918 545 500 19 52 694 539 484 488 889 567 570 175 830 770 475 481 193 480 795 686 759 964 260 312 269 867 823 560 225 345 544 701 643 453 830 992 124 64 790 512 203
109 681 793 920 133 656 832 757 138 205 423 615 135 921 298 516 198 107 77 929 566 512 399 710 0 931 182 288 404 526 41 750 208 927 616 550 319 224 214 950 888 638 853 143 234 796 172 378 977 261 495 763 518 363 410 181 512 307 670 258 3 200 206 479 308 189 347 21 135 905 195 537 258 786 364 935 29 385 234 469 272 697 154 451 29 296 253 164 803 8 174 448 1000 485 220 531 538 726 594 660 633 133 614 827 711 343 404 100 215 534 395 216 712 227 993
903 844 881 923 869 39 197 558 226 557 153 249 507 329 872 310 339 380 474 947 497 546 941 733 931 0 754 888 274 308 677 267 171 633 667 85 532 175 693 865 423 585 508 710 566 607 917 323 981 961 736 612 979 792 818 955 491 681 494 736 206 792 638 252 504 600 568 153 748 998 21 754 303 392 354 592 810 817 285 34 284 863 502 152 680 771 289 737 394 660 970 398 830 446 63 819 170 821 104 977 87 591 105 841 571 963 364 97 635 544 334 878 582 378 146
846 696 641 131 21 775 851 358 238 207 649 586 367 998 57 35 996 201 56 763 197 159 784 824 182 754 0 957 58 754 794 242 650 591 71 245 846 348 633 879 974 856 616 984 144 910 593 275 551 797 542 163 293 913 869 290 441 285 764 343 334 967 43 392 876 813 933 442 350 86 101 322 196 360 781 350 122 121 871 788 167 109 61 143 552 934 277 425 809 508 1000 960 23 443 918 303 691 206 587 1000 457 707 760 234 385 151 278 601 92 210 41 863 300 845 557
48 919 965 470 750 962 840 931 520 402 564 917 249 366 241 449 569 207 118 397 897 362 109 943 288 888 957 0 968 688 832 562 470 258 114 96 601 221 584 184 807 591 796 643 115 923 121 839 191 296 645 532 840 453 968 340 950 466 43 118 229 362 949 623 256 250 414 567 997 117 927 206 894 309 897 321 293 751 729 931 209 429 27 867 344 267 366 587 335 488 644 203 603 96 920 709 501 960 777 999 238 516 824 177 481 763 711 526 68 349 5 98 627 297 502
555 241 698 348 113 502 759 418 901 151 648 317 153 809 256 730 442 677 260 33 778 147 565 979 404 274 58 968 0 562 455 333 176 874 161 513 633 904 205 918 537 115 713 192 387 922 914 767 701 202 46 411 493 601 760 10 120 195 815 936 381 718 644 189 219 119 759 253 412 957 751 193 166 781 213 837 709 795 688 624 709 442 950 97 179 406 874 729 677 383 962 486 416 143 639 67 198 836 108 167 122 445 355 355 13 244 405 919 857 72 867 139 332 695 619
191 581 727 28 635 559 992 186 303 987 698 647 279 709 554 731 7 516 60 743 628 562 552 637 526 308 754 688 562 0 255 770 344 707 626 492 17 365 789 162 53 673 32 553 407 304 329 246 85 1 721 877 874 438 349 295 520 12 144 135 766 176 450 313 724 3 591 626 735 928 796 520 645 378 488 616 160 202 823 809 111 353 315 39 331 989 396 40 148 340 266 1000 397 788 571 30 494 896 448 490 495 609 558 954 727 129 298 976 681 315 611 134 835 157 91
369 201 792 166 376 279 110 581 686 312 238 980 929 298 315 851 989 411 761 622 783 305 85 838 41 677 794 832 455 255 0 314 353 170 422 164 493 843 654 550 799 883 821 556 523 705 587 792 591 851 254 77 549 906 607 821 931 873 55 752 282 160 580 719 708 561 221 29 938 193 696 784 34 188 299 520 496 863 178 694 985 942 284 726 146 80 74 506 888 444 811 153 186 191 135 603 361 737 924 422 604 755 985 420 591 405 13 556 399 953 435 328 635 20 375
225 698 876 224 748 476 761 514 796 766 42 699 698 256 84 870 2 931 267 829 136 998 97 452 750 267 242 562 333 770 314 0 731 548 134 428 491 91 669 612 410 986 145 517 613 926 667 230 583 378 144 538 755 812 764 950 745 149 690 130 314 49 900 292 706 17 966 382 801 604 47 337 10 967 725 581 449 591 624 169 784 796 748 705 88 266 958 802 270 362 103 211 223 451 731 790 874 842 472 271 458 447 246 938 309 984 554 832 404 475 742 993 743 304 74
90 655 271 836 987 220 714 423 501 191 138 90 599 784 777 71 336 279 791 339 194 101 539 861 208 171 650 470 176 344 353 731 0 355 501 273 597 100 973 316 522 278 989 599 19 561 98 503 383 709 690 670 532 405 884 463 215 214 265 666 106 377 762 254 479 167 787 430 108 38 702 471 510 893 883 242 789 614 841 928 559 175 42 203 874 279 52 470 328 114 66 759 51 906 721 340 480 347 111 246 775 792 653 923 542 842 964 490 796 227 789 441 57 747 71
786 418 937 219 741 701 390 987 894 485 661 93 173 702 550 473 242 697 278 562 52 298 976 204 927 633 591 258 874 707 170 548 355 0 676 884 626 822 149 558 910 113 178 976 800 654 662 116 988 352 487 863 342 948 438 683 640 215 302 982 300 514 326 559 578 949 969 952 842 860 122 689 628 766 42 456 43 3 899 788 278 14 514 541 790 47 766 222 33 796 585 268 548 247 529 291 640 99 208 509 221 436 812 844 928 611 918 837 480 736 869 937 700 976 348
654 240 86 105 199 621 717 311 219 120 919 537 280 98 811 349 409 916 740 567 409 660 824 403 616 667 71 114 161 626 422 134 501 676 0 463 546 693 371 837 213 206 804 468 247 483 538 981 761 674 9 850 51 180 582 266 812 859 136 531 190 725 962 231 154 454 82 537 987 867 193 106 282 848 645 837 470 191 829 386 869 964 80 619 385 570 220 351 427 250 901 746 666 114 153 390 974 236 454 82 700 612 977 159 969 651 415 142 732 611 608 322 753 320 757
689 226 774 89 914 17 678 458 249 24 250 309 359 908 203 127 127 769 984 231 667 897 409 22 550 85 245 96 513 492 164 428 273 884 463 0 621 623 192 583 303 697 487 395 652 44 179 854 403 886 998 404 985 50 339 81 878 644 87 220 219 586 903 288 806 864 735 525 896 878 336 186 330 908 417 234 545 59 259 630 774 25 334 545 39 222 568 616 313 9 161 196 959 262 126 722 852 780 343 730 700 637 98 114 327 802 736 552 781 804 5 418 12 119 374
859 157 34 60 980 741 568 747 536 546 725 442 122 75 459 435 875 817 519 298 117 35 637 965 319 532 846 601 633 17 493 491 597 626 546 621 0 120 599 630 566 777 687 917 105 871 578 124 900 626 62 43 186 512 66 3 973 943 246 827 659 828 403 931 703 168 397 297 761 260 796 35 277 825 974 189 989 694 103 948 535 532 318 599 954 194 638 575 55 325 37 354 281 81 683 387 521 970 242 841 299 404 236 582 505 713 664 945 334 648 983 98 758 790 449
604 466 526 887 862 615 97 61 207 951 535 262 760 798 839 724 930 867 888 764 505 591 914 681 224 175 348 221 904 365 843 91 100 822 693 623 120 0 407 254 775 636 465 582 417 608 51 552 249 119 630 812 548 518 656 996 83 436 998 494 400 685 818 55 395 936 462 325 925 571 585 266 126 512 158 848 559 859 634 324 217 816 104 139 887 127 362 735 845 228 932 206 969 84 200 496 858 187 933 276 955 115 856 674 110 286 125 151 948 501 227 382 977 593 890
279 294 555 548 790 411 538 11 321 251 879 82 32 456 282 619 463 571 139 127 770 880 841 449 214 693 633 584 205 789 654 669 973 149 371 192 599 407 0 293 158 702 602 131 48 338 235 309 408 893 625 113 961 238 203 526 328 613 277 89 520 761 183 742 214 354 606 492 819 785 720 877 741 556 354 360 348 60 907 471 484 143 660 187 942 527 652 834 552 955 857 804 434 173 99 170 533 382 697 230 59 269 358 77 968 206 823 920 66 501 198 366 481 307 403
828 190 976 230 410 744 345 141 814 843 404 406 573 487 862 526 792 840 328 347 183 833 10 560 950 865 879 184 918 162 550 612 316 558 837 583 630 254 293 0 577 693 15 177 855 797 892 845 650 111 812 5 289 206 25 710 813 692 924 13 303 273 760 223 482 339 781 913 786 748 220 514 523 44 609 230 860 816 205 1 256 658 23 399 473 373 813 78 103 252 554 107 139 970 995 337 253 911 488 254 869 911 979 727 698 262 205 340 679 669 462 961 996 811 772
418 405 470 770 423 25 590 337 849 144 645 507 331 526 233 469 844 230 674 966 689 677 261 29 888 423 974 807 537 53 799 410 522 910 213 303 566 775 158 577 0 842 725 1 960 634 980 217 92 558 43 790 388 19 927 479 805 396 573 823 399 788 825 350 432 448 959 184 620 167 971 580 561 889 534 877 687 240 947 873 826 195 740 340 276 295 765 286 499 790 954 615 201 149 605 939 121 732 166 361 494 827 760 915 763 223 519 268 633 353 445 439 752 326 927
945 619 239 204 843 805 374 481 155 497 879 383 608 108 77 461 115 689 763 94 940 932 521 223 638 585 856 591 115 673 883 986 278 113 206 697 777 636 702 693 842 0 649 855 69 793 868 42 97 979 144 672 135 224 580 848 905 625 764 251 180 916 934 938 802 180 689 471 193 943 244 624 104 45 605 38 563 165 110 448 212 772 281 939 456 897 380 990 743 471 15 598 912 830 777 465 632 551 726 120 872 58 326 972 453 610 297 790 272 151 418 318 84 517 988
783 254 482 794 261 165 977 43 412 237 71 421 625 643 638 686 518 439 658 599 964 343 17 442 853 508 616 796 713 32 821 145 989 178 804 487 687 465 602 15 725 649 0 333 425 416 785 666 940 858 523 185 536 963 681 17 502 447 50 369 994 632 993 224 8 590 577 642 634 638 280 430 270 793 648 806 8 51 999 369 729 138 229 473 528 631 52 307 533 948 331 898 266 657 332 75 473 326 470 518 532 828 360 477 623 583 451 350 242 735 139 873 282 548 633
644 996 864 309 179 300 949 581 684 363 801 143 788 140 627 389 982 866 529 634 203 92 178 831 143 710 984 643 192 553 556 517 599 976 468 395 917 582 131 177 1 855 333 0 425 814 753 714 964 777 712 995 877 910 151 942 153 102 833 861 611 296 557 363 576 271 734 746 134 152 534 23 433 574 87 549 124 762 329 724 677 681 297 187 81 454 631 97 513 28 755 256 735 647 906 227 859 220 297 75 342 568 1000 970 375 76 604 955 353 807 648 75 778 337 289
293 728 806 800 547 709 795 292 479 362 865 585 886 418 793 240 20 336 812 611 516 541 396 424 234 566 144 115 387 407 523 613 19 800 247 652 105 417 48 855 960 69 425 425 0 804 28 394 414 901 343 869 723 390 100 456 783 603 160 239 951 124 182 862 639 545 381 622 943 515 445 999 35 301 229 42 774 691 382 404 82 273 880 548 548 640 887 835 983 122 268 931 173 258 336 840 775 965 607 937 164 738 232 100 298 120 689 69 226 912 723 407 980 316 814
271 836 279 226 632 101 337 390 872 628 614 151 73 892 267 135 702 231 828 652 705 445 95 272 796 607 910 923 922 304 705 926 561 654 483 44 871 608 338 797 634 793 416 814 804 0 776 424 697 599 565 119 252 49 465 340 573 614 524 231 772 121 373 200 243 148 43 765 395 616 333 917 274 973 962 879 138 472 399 189 29 265 612 64 995 493 751 465 750 869 737 463 706 427 933 451 912 817 456 325 429 395 20 619 463 920 431 554 354 159 272 505 686 313 895
612 13 303 187 599 279 622 925 900 347 511 139 446 652 647 127 327 642 92 736 764 396 516 669 172 917 593 121 914 329 587 667 98 662 538 179 578 51 235 892 980 868 785 753 28 776 0 178 795 936 112 70 196 309 542 373 706 874 328 772 880 429 975 587 185 600 175 833 832 526 96 289 598 465 94 440 265 638 989 181 802 147 514 179 709 292 760 955 348 903 286 8 925 113 250 319 489 745 537 840 684 271 221 651 168 161 23 569 742 202 730 199 440 647 593
811 685 21 550 309 145 427 66 973 228 329 763 890 636 690 821 560 766 8 828 884 285 626 526 378 323 275 839 767 246 792 230 503 116 981 854 124 552 309 845 217 42 666 714 394 424 178 0 384 737 596 21 947 328 459 407 137 835 494 767 803 459 238 400 331 408 559 862 943 320 693 568 679 664 220 922 856 996 446 35 769 233 528 211 807 687 307 166 631 734 955 702 364 596 532 790 770 582 49 109 812 580 861 621 650 402 697 156 760 984 657 926 952 624 44
62 496 935 56 426 463 801 550 736 581 595 437 136 417 464 435 295 708 884 955 847 411 472 910 977 981 551 191 701 85 591 583 383 988 761 403 900 249 408 650 92 97 940 964 414 697 795 384 0 787 20 997 279 981 887 564 513 218 237 52 856 837 593 292 349 214 992 418 934 369 300 476 431 471 827 751 748 121 455 804 904 71 698 727 557 873 330 475 182 3 663 226 389 581 285 323 35 361 972 985 572 971 478 595 675 190 393 646 565 882 640 696 280 984 10
838 60 537 987 850 396 659 634 755 360 471 67 689 983 27 76 106 456 896 154 527 309 193 60 261 961 797 296 202 1 851 378 709 352 674 886 626 119 893 111 558 979 858 777 901 599 936 737 787 0 964 913 741 481 385 119 847 188 285 811 649 502 26 984 735 348 137 463 540 334 667 213 993 729 23 324 986 299 928 109 648 603 59 569 716 21 537 31 319 874 56 113 311 181 705 472 17 699 541 535 246 360 560 244 297 724 102 835 163 105 278 993 247 675 194
794 754 788 847 651 208 374 289 392 363 40 354 195 835 396 957 169 644 892 215 934 185 451 698 495 736 542 645 46 721 254 144 690 487 9 998 62 630 625 812 43 144 523 712 343 565 112 596 20 964 0 890 810 990 510 923 165 484 378 502 426 20 17 403 950 400 590 986 89 315 790 938 503 943 540 641 943 340 377 915 32 631 796 484 492 154 352 983 824 617 258 899 185 891 422 883 527 59 595 103 173 176 216 762 383 494 813 154 345 159 194 590 186 21 625
221 690 359 540 209 795 696 931 531 974 68 922 869 358 144 523 872 75 573 427 544 389 541 808 763 612 163 532 411 877 77 538 670 863 850 404 43 812 113 5 790 672 185 995 869 119 70 21 997 913 890 0 693 607 758 844 788 476 776 839 175 463 464 187 843 525 886 715 99 688 786 569 215 72 36 953 447 865 826 704 245 7 545 349 58 646 465 298 820 572 480 12 624 151 657 422 90 692 629 83 645 773 569 57 447 962 337 952 45 264 26 242 952 12 246
757 923 446 212 470 643 155 252 333 126 541 154 113 447 434 264 413 641 796 364 655 321 476 265 518 979 293 840 493 874 549 755 532 342 51 985 186 548 961 289 388 135 536 877 723 252 196 947 279 741 810 693 0 981 826 929 760 598 449 416 857 883 182 104 59 245 997 169 65 510 11 622 485 181 260 362 391 548 87 280 155 225 615 547 903 196 665 454 518 878 922 505 9 299 422 698 21 841 94 768 231 293 613 539 787 410 773 817 372 995 623 727 390 584 169
488 131 285 938 194 102 299 749 382 943 756 22 100 527 313 722 495 593 756 594 245 688 922 689 363 792 913 453 601 438 906 812 405 948 180 50 512 518 238 206 19 224 963 910 390 49 309 328 981 481 990 607 981 0 941 605 87 938 77 704 525 456 886 678 794 939 176 134 429 757 826 285 209 97 524 518 265 161 999 470 941 290 562 39 132 813 45 575 738 522 199 731 490 244 938 283 743 101 480 619 41 903 46 252 74 924 832 927 303 111 822 464 332 12 95
516 33 381 368 164 206 192 456 475 536 884 955 185 459 303 840 796 823 748 697 503 259 958 469 410 818 869 968 760 349 607 764 884 438 582 339 66 656 203 25 927 580 681 151 100 465 542 459 887 385 510 758 826 941 0 962 128 642 692 648 486 907 65 186 650 708 584 954 996 443 666 679 369 595 374 742 585 484 649 395 497 527 837 169 327 962 21 559 430 693 843 414 416 637 949 995 879 766 566 610 145 907 990 102 259 888 140 633 306 983 310 566 550 211 794
106 798 453 931 592 619 341 100 285 323 465 618 977 665 161 743 592 243 226 735 485 321 549 910 181 955 290 340 10 295 821 950 463 683 266 81 3 996 526 710 479 848 17 942 456 340 373 407 564 119 923 844 929 605 962 0 766 985 625 38 941 142 22 731 427 557 709 9 243 476 657 930 956 119 712 765 278 4 330 956 26 957 723 450 147 108 523 452 755 26 724 842 235 190 76 932 219 167 597 259 840 547 806 76 635 680 295 285 504 48 259 277 872 472 483
906 885 723 614 598 439 252 455 839 819 999 333 747 266 871 119 713 173 789 920 537 951 392 294 512 491 441 950 120 520 931 745 215 640 812 878 973 83 328 813 805 905 502 153 783 573 706 137 513 847 165 788 760 87 128 766 0 705 18 784 296 119 48 249 992 543 679 730 816 123 263 611 692 259 280 386 116 266 940 642 591 186 535 312 781 876 107 684 405 992 283 782 477 42 343 240 654 960 432 787 428 273 485 58 827 637 955 842 758 332 454 216 694 201 929
410 881 591 852 34 17 919 202 644 643 101 544 479 99 196 362 21 574 453 948 760 950 702 870 307 681 285 466 195 12 873 149 214 215 859 644 943 436 613 692 396 625 447 102 603 614 874 835 218 188 484 476 598 938 642 985 705 0 825 504 298 464 735 670 635 795 455 167 456 367 949 314 797 39 511 933 370 538 486 962 141 781 174 664 316 303 255 284 517 297 723 635 902 297 244 568 729 816 69 99 599 616 694 960 260 774 550 222 894 371 124 878 893 150 902
899 781 589 782 833 675 579 987 912 220 512 796 249 38 580 695 875 556 532 583 222 520 258 638 670 494 764 43 815 144 55 690 265 302 136 87 246 998 277 924 573 764 50 833 160 524 328 494 237 285 378 776 449 77 692 625 18 825 0 490 716 666 458 839 149 245 667 921 715 159 501 771 186 10 674 899 511 278 875 185 379 299 24 872 915 925 597 427 982 992 250 372 516 147 238 939 841 821 659 952 964 394 240 628 468 123 190 901 834 871 843 105 868 600 844
123 322 51 887 393 716 235 352 717 778 907 910 642 946 49 790 245 21 406 600 38 291 773 382 258 736 343 118 936 135 752 130 666 982 531 220 827 494 89 13 823 251 369 861 239 231 772 767 52 811 502 839 416 704 648 38 784 504 490 0 111 381 448 132 17 920 630 599 578 271 836 363 17 518 864 234 804 830 626 922 588 981 376 991 535 272 663 226 560 559 433 537 797 170 395 839 716 49 348 194 271 52 319 778 133 530 420 663 235 110 337 71 720 635 110
713 509 448 145 343 592 417 244 729 541 464 171 517 826 194 98 231 145 152 80 430 887 65 425 3 206 334 229 381 766 282 314 106 300 190 219 659 400 520 303 399 180 994 611 951 772 880 803 856 649 426 175 857 525 486 941 296 298 716 111 0 724 234 748 386 513 118 262 582 138 279 699 664 491 618 779 268 242 104 890 360 310 370 972 398 230 730 813 131 299 909 909 527 361 330 332 998 96 886 964 751 621 601 236 923 545 66 981 481 981 327 78 315 371 186
715 679 165 107 107 264 920 107 133 287 338 252 899 99 237 65 707 868 52 396 490 173 755 23 200 792 967 362 718 176 160 49 377 514 725 586 828 685 761 273 788 916 632 296 124 121 429 459 837 502 20 463 883 456 907 142 119 464 666 381 724 0 746 424 462 672 768 422 647 839 457 337 738 799 412 640 227 772 794 334 684 445 502 281 550 602 138 837 102 253 487 471 234 229 966 460 740 9 452 845 392 678 346 446 996 948 82 747 969 367 901 199 323 886 375
111 790 609 273 563 862 62 744 746 865 229 604 138 842 953 191 827 511 630 611 558 68 632 757 206 638 43 949 644 450 580 900 762 326 962 903 403 818 183 760 825 934 993 557 182 373 975 238 593 26 17 464 182 886 65 22 48 735 458 448 234 746 0 711 859 799 678 759 211 977 629 591 431 372 562 341 307 498 344 247 124 509 639 492 36 236 267 13 818 305 514 50 747 32 8 375 108 313 799 727 926 27 48 342 500 497 714 174 306 604 749 451 69 534 905
709 921 120 6 160 462 767 412 438 137 357 935 510 337 607 742 51 696 322 809 635 237 404 46 479 252 392 623 189 313 719 292 254 559 231 288 931 55 742 223 350 938 224 363 862 200 587 400 292 984 403 187 104 678 186 731 249 670 839 132 748 424 711 0 278 267 409 832 440 74 576 841 182 992 376 184 841 400 613 885 738 36 28 148 393 721 979 962 625 147 686 544 772 746 939 233 275 296 358 138 756 103 337 701 74 905 20 71 624 186 367 571 64 164 88
720 304 371 563 969 630 12 22 624 908 785 940 592 857 126 181 142 161 859 183 878 650 545 270 308 504 876 256 219 724 708 706 479 578 154 806 703 395 214 482 432 802 8 576 639 243 185 331 349 735 950 843 59 794 650 427 992 635 149 17 386 462 859 278 0 702 171 352 276 620 363 787 525 281 364 49 795 546 752 400 774 849 684 516 824 859 605 32 280 588 380 371 307 547 265 712 844 238 331 819 568 627 393 71 569 155 433 437 661 865 492 694 487 915 626
828 510 730 440 353 449 756 313 738 511 651 337 635 714 935 561 357 488 669 646 502 643 136 939 189 600 813 250 119 3 561 17 167 949 454 864 168 936 354 339 448 180 590 271 545 148 600 408 214 348 400 525 245 939 708 557 543 795 245 920 513 672 799 267 702 0 530 674 101 198 946 629 354 634 576 726 617 651 600 163 331 612 758 99 917 675 412 951 228 221 937 391 548 56 630 383 753 728 550 192 144 630 381 339 805 199 182 158 910 35 464 282 506 735 281
816 84 488 677 215 861 826 909 492 442 490 649 917 416 670 790 499 312 336 928 867 848 967 303 347 568 933 414 759 591 221 966 787 969 82 735 397 462 606 781 959 689 577 734 381 43 175 559 992 137 590 886 997 176 584 709 679 455 667 630 118 768 678 409 171 530 0 550 439 227 273 523 523 961 666 159 293 472 9 580 91 309 552 759 5 119 424 639 21 494 60 765 305 466 681 821 628 791 535 362 503 348 821 837 792 163 874 11 405 377 592 327 803 810 889
927 952 280 826 656 659 182 684 503 485 173 329 219 690 846 883 36 511 108 89 958 504 738 695 21 153 442 567 253 626 29 382 430 952 537 525 297 325 492 913 184 471 642 746 622 765 833 862 418 463 986 715 169 134 954 9 730 167 921 599 262 422 759 832 352 674 550 0 651 272 251 135 742 781 395 28 128 808 806 167 313 510 202 484 13 14 873 454 621 431 168 505 269 631 440 395 173 419 173 548 468 826 629 794 236 930 765 526 914 829 978 430 509 44 150
835 231 146 575 346 815 576 17 424 22 239 363 120 192 521 586 971 852 356 783 584 112 144 322 135 748 350 997 412 735 938 801 108 842 987 896 761 925 819 786 620 193 634 134 943 395 832 943 934 540 89 99 65 429 996 243 816 456 715 578 582 647 211 440 276 101 439 651 0 77 369 98 627 559 29 202 794 261 948 307 949 85 80 630 177 920 659 577 803 584 67 616 183 814 13 25 568 649 852 305 482 58 458 732 509 887 225 477 33 194 879 861 660 836 891
55 289 841 917 239 80 938 680 982 828 371 940 266 389 105 81 511 264 407 703 952 667 388 324 905 998 86 117 957 928 193 604 38 860 867 878 260 571 785 748 167 943 638 152 515 616 526 320 369 334 315 688 510 757 443 476 123 367 159 271 138 839 977 74 620 198 227 272 77 0 83 354 361 900 133 305 198 748 598 766 595 737 409 462 367 509 698 254 890 634 274 81 763 660 936 803 920 28 552 503 738 636 981 203 376 169 998 327 689 769 19 529 634 675 744
319 474 240 289 690 20 465 778 457 939 942 682 48 930 897 259 368 213 517 728 642 757 764 82 195 21 101 927 751 796 696 47 702 122 193 336 796 585 720 220 971 244 280 534 445 333 96 693 300 667 790 786 11 826 666 657 263 949 501 836 279 457 629 576 363 946 273 251 369 83 0 956 435 417 778 30 679 893 539 859 708 553 802 619 634 774 37 315 44 144 790 465 820 418 791 40 199 848 346 749 918 728 480 308 621 926 999 261 525 943 892 346 179 916 133
978 910 61 413 243 394 44 697 163 560 218 473 399 180 84 145 666 744 520 473 775 438 420 29 537 754 322 206 193 520 784 337 471 689 106 186 35 266 877 514 580 624 430 23 999 917 289 568 476 213 938 569 622 285 679 930 611 314 771 363 699 337 591 841 787 629 523 135 98 354 956 0 707 860 730 248 743 895 505 545 175 507 914 435 891 697 412 42 71 55 535 941 645 478 133 123 250 988 309 804 542 951 607 455 385 87 581 624 137 819 264 895 1000 494 788
107 967 678 201 213 294 470 730 719 595 65 709 971 102 536 971 225 903 913 350 925 185 761 564 258 303 196 894 166 645 34 10 510 628 282 330 277 126 741 523 561 104 270 433 35 274 598 679 431 993 503 215 485 209 369 956 692 797 186 17 664 738 431 182 525 354 523 742 627 361 435 707 0 859 706 149 917 478 441 363 290 60 508 908 112 856 994 351 204 320 627 708 85 819 863 917 111 347 106 229 484 318 762 283 836 881 352 728 555 495 399 325 533 593 454
71 169 544 155 237 18 243 342 491 76 517 946 813 718 145 254 166 124 323 532 388 722 383 918 786 392 360 309 781 378 188 967 893 766 848 908 825 512 556 44 889 45 793 574 301 973 465 664 471 729 943 72 181 97 595 119 259 39 10 518 491 799 372 992 281 634 961 781 559 900 417 860 859 0 891 126 37 313 753 374 323 938 563 224 628 418 582 60 859 278 827 135 395 768 449 15 824 600 17 298 401 218 24 825 362 304 541 450 762 381 204 988 28 441 448
355 206 759 13 23 720 67 757 740 148 278 641 414 322 267 896 4 576 101 200 751 80 608 545 364 354 781 897 213 488 299 725 883 42 645 417 974 158 354 609 534 605 648 87 229 962 94 220 827 23 540 36 260 524 374 712 280 511 674 864 618 412 562 376 364 576 666 395 29 133 778 730 706 891 0 335 176 741 599 629 38 770 651 139 367 612 602 922 786 773 934 692 315 543 551 862 629 7 600 690 499 58 142 92 309 543 723 265 902 513 604 159 950 290 886
793 810 934 905 945 236 165 971 244 532 356 237 140 563 373 797 684 436 270 915 183 763 946 500 935 592 350 321 837 616 520 581 242 456 837 234 189 848 360 230 877 38 806 549 42 879 440 922 751 324 641 953 362 518 742 765 386 933 899 234 779 640 341 184 49 726 159 28 202 305 30 248 149 126 335 0 304 862 997 413 684 552 379 741 250 987 445 4 603 132 678 707 586 367 884 165 655 920 954 773 241 795 662 81 649 362 140 285 361 1 575 804 48 363 648
645 506 108 772 571 648 828 571 277 419 731 111 756 87 464 508 219 574 356 752 896 942 185 19 29 810 122 293 709 160 496 449 789 43 470 545 989 559 348 860 687 563 8 124 774 138 265 856 748 986 943 447 391 265 585 278 116 370 511 804 268 227 307 841 795 617 293 128 794 198 679 743 917 37 176 304 0 968 657 504 575 664 324 477 794 349 379 351 809 526 905 191 664 721 533 644 69 502 100 480 253 607 680 308 272 563 785 907 335 691 888 772 617 396 152
992 304 575 407 518 887 136 469 167 780 937 346 13 142 855 64 177 398 233 61 134 354 687 52 385 817 121 751 795 202 863 591 614 3 191 59 694 859 60 816 240 165 51 762 691 472 638 996 121 299 340 865 548 161 484 4 266 538 278 830 242 772 498 400 546 651 472 808 261 748 893 895 478 313 741 862 968 0 61 744 275 444 688 180 956 331 88 338 409 545 481 146 817 405 678 313 74 225 910 685 809 48 486 416 286 511 1 27 383 782 901 767 769 788 711
630 823 41 337 915 785 485 310 753 896 561 358 175 426 159 987 113 462 396 25 678 824 378 694 234 285 871 729 688 823 178 624 841 899 829 259 103 634 907 205 947 110 999 329 382 399 989 446 455 928 377 826 87 999 649 330 940 486 875 626 104 794 344 613 752 600 9 806 948 598 539 505 441 753 599 997 657 61 0 741 612 640 477 121 757 973 795 932 672 475 159 427 126 628 829 938 714 241 256 635 194 274 489 378 848 65 405 536 447 383 996 176 503 495 851
687 706 657 296 64 978 144 772 288 753 873 646 23 283 249 691 988 383 378 213 810 524 412 539 469 34 788 931 624 809 694 169 928 788 386 630 948 324 471 1 873 448 369 724 404 189 181 35 804 109 915 704 280 470 395 956 642 962 185 922 890 334 247 885 400 163 580 167 307 766 859 545 363 374 629 413 504 744 741 0 235 521 265 371 827 606 881 971 351 640 561 620 922 735 674 498 993 273 842 613 486 23 690 701 977 485 303 347 561 587 724 478 302 343 678
922 645 208 164 79 588 610 446 464 334 212 361 840 168 461 288 467 241 289 941 552 210 618 484 272 284 167 209 709 111 985 784 559 278 869 774 535 217 484 256 826 212 729 677 82 29 802 769 904 648 32 245 155 941 497 26 591 141 379 588 360 684 124 738 774 331 91 313 949 595 708 175 290 323 38 684 575 275 612 235 0 891 111 950 580 117 598 248 21 93 520 957 175 275 128 961 270 379 899 312 476 568 112 792 98 288 726 293 773 659 456 968 525 884 789
199 74 460 594 716 379 219 281 56 122 343 456 650 833 206 483 380 974 187 794 675 310 679 488 697 863 109 429 442 353 942 796 175 14 964 25 532 816 143 658 195 772 138 681 273 265 147 233 71 603 631 7 225 290 527 957 186 781 299 981 310 445 509 36 849 612 309 510 85 737 553 507 60 938 770 552 664 444 640 521 891 0 3 647 759 182 767 712 728 268 566 7 209 644 309 784 337 536 742 540 488 454 90 254 292 434 453 848 652 935 486 677 791 162 156
460 261 540 180 207 788 135 136 930 275 451 630 203 775 115 744 366 179 76 865 702 898 169 889 154 502 61 27 950 315 284 748 42 514 80 334 318 104 660 23 740 281 229 297 880 612 514 528 698 59 796 545 615 562 837 723 535 174 24 376 370 502 639 28 684 758 552 202 80 409 802 914 508 563 651 379 324 688 477 265 111 3 0 831 973 876 704 643 375 129 287 769 688 170 629 120 536 222 938 712 620 366 229 620 990 937 201 975 749 519 601 104 916 813 261
71 361 859 569 385 399 217 709 746 967 349 70 117 987 813 254 797 557 832 601 278 893 128 567 451 152 143 867 97 39 726 705 203 541 619 545 599 139 187 399 340 939 473 187 548 64 179 211 727 569 484 349 547 39 169 450 312 664 872 991 972 281 492 148 516 99 759 484 630 462 619 435 908 224 139 741 477 180 121 371 950 647 831 0 389 719 364 463 347 356 574 241 605 695 829 717 78 96 828 293 383 815 591 53 755 656 928 851 142 432 319 738 778 850 639
267 550 296 395 706 325 315 185 784 444 706 291 732 559 312 936 723 799 875 309 384 411 980 570 29 680 552 344 179 331 146 88 874 790 385 39 954 887 942 473 276 456 528 81 548 995 709 807 557 716 492 58 903 132 327 147 781 316 915 535 398 550 36 393 824 917 5 13 177 367 634 891 112 628 367 250 794 956 757 827 580 759 973 389 0 478 389 835 194 324 479 834 387 545 431 758 375 891 555 796 458 695 815 145 574 569 329 257 792 345 7 740 826 602 752
821 165 657 329 912 613 921 915 356 594 898 26 21 631 826 365 982 131 408 990 620 406 274 175 296 771 934 267 406 989 80 266 279 47 570 222 194 127 527 373 295 897 631 454 640 493 292 687 873 21 154 646 196 813 962 108 876 303 925 272 230 602 236 721 859 675 119 14 920 509 774 697 856 418 612 987 349 331 973 606 117 182 876 719 478 0 961 873 96 764 481 529 936 783 894 619 447 293 577 923 504 493 552 283 731 33 686 455 94 31 106 467 901 226 289
222 66 709 554 990 855 417 994 434 536 485 502 789 381 945 682 726 316 459 933 53 292 73 830 253 289 277 366 874 396 74 958 52 766 220 568 638 362 652 813 765 380 52 631 887 751 760 307 330 537 352 465 665 45 21 523 107 255 597 663 730 138 267 979 605 412 424 873 659 698 37 412 994 582 602 445 379 88 795 881 598 767 704 364 389 961 0 27 651 708 130 655 113 723 123 532 708 357 446 242 365 92 403 402 779 921 115 95 975 738 414 772 392 539 868
462 506 258 738 496 384 233 678 203 198 311 316 382 551 803 958 848 419 253 701 648 66 118 770 164 737 425 587 729 40 506 802 470 222 351 616 575 735 834 78 286 990 307 97 835 465 955 166 475 31 983 298 454 575 559 452 684 284 427 226 813 837 13 962 32 951 639 454 577 254 315 42 351 60 922 4 351 338 932 971 248 712 643 463 835 873 27 0 519 883 984 536 305 522 522 518 838 462 527 777 942 698 568 362 398 368 533 642 808 946 588 754 153 435 445
23 56 814 44 933 764 507 854 885 158 981 886 560 387 597 453 826 293 287 214 582 705 975 475 803 394 809 335 677 148 888 270 328 33 427 313 55 845 552 103 499 743 533 513 983 750 348 631 182 319 824 820 518 738 430 755 405 517 982 560 131 102 818 625 280 228 21 621 803 890 44 71 204 859 786 603 809 409 672 351 21 728 375 347 194 96 651 519 0 61 889 512 967 6 305 679 458 4 860 120 717 510 878 230 463 851 470 611 81 376 846 29 90 857 358
