220
0 708055136 558153752 803780811 981999328 865616773 598692339 766818310 937322566 627412534 962093305 226953666 151728158 68579122 277664598 976466269 224792777 578004771 285120404 235088218 870261374 724892344 899063685 358339369 241472780 71976192 165580673 322334942 922436874 757041442 18262901 818378159 799046660 692251986 676513204 611860657 559284632 581226166 546752293 719423789 621687037 523656883 257915940 755156118 801740872 684024655 974875196 670938811 704390427 856336494 329494576 22534677 418536954 531222318 169578539 697316452 879216751 892004214 265155654 684836757 4103709 398209164 54104785 27881261 668056158 934031476 134454560 216080463 357433480 644431109 944217470 323695937 719288842 646668163 467992118 969841580 678973294 925504060 967410911 761428866 189853522 171865142 378732919 469434951 651759690 280627928 822219839 727977811 715777573 863796536 486589155 67843704 492250094 211990214 637756463 793179541 29679244 315922900 276164283 999687737 531288741 301307685 886896571 278667240 19481721 398523402 659737921 690202032 298612782 136126947 522734673 426536301 512217291 861878575 574694213 610261608 397693632 538955742 690866707 660175054 177959145 13560997 829094172 383661372 826229896 239734146 680937212 223547132 403963121 480082673 44119117 689832582 172934266 229836292 517122680 248234965 575947488 761562668 97276294 858079264 854432480 814619228 355601866 397943682 206945503 880825243 608155744 508082452 580336277 333249291 748258481 388040634 636224237 867275886 24354705 683119969 552174196 352389647 185566995 828169931 52237028 364037989 961849658 204039858 621778507 306363194 392656418 546997815 124130200 619434971 922157144 633732467 540957302 876190489 67831696 869971700 182702773 680849295 142867579 287984356 582924167 956712223 745513812 680061366 925560380 430330692 104468324 614931913 896983158 526532394 602364403 155630827 370742645 89173351 826446122 530346301 43787387 538049112 489811096 332838704 844420517 303796921 932157106 22184857 112099245 346976558 420874842 812229553 87186403 573154445 295241475 353192978 334339370 30207247 669138753 636291452 212713294 191571447 664847714 749556791
708055136 0 853968701 221489656 99871999 736290841 463009140 327786377 341791607 772180888 372598509 338908136 780141768 519860750 999060626 316862161 11782517 215581031 667127271 41394556 813431055 974049276 971985644 407440833 50800597 587202086 28323373 51104350 139866154 403787213 75194939 793692275 847555591 205007299 767529459 943044402 295474599 36347726 138906922 119480357 478428433 182771860 928793751 725888245 150588599 985921364 896462794 660392712 324115494 404028891 758554842 736606355 608243472 712261658 1423330 474926513 239975379 500861278 181160093 368805859 768857132 5749645 756135132 93878925 159161713 201655278 346759659 324683587 900682499 470311055 261620236 583437192 475354384 890548233 510231296 386750713 453275579 417857816 271994058 421813802 143018468 12232656 730867961 719280285 151825383 289481640 102073992 576109907 433803663 622573370 971749215 842466589 358961759 474751328 298672289 652960682 952292278 2360232 359936729 731610969 704372397 979399328 970247866 964522822 95571275 47956255 52743347 229355788 292368560 383323733 591450251 206325148 970940881 772033801 400853882 7894987 691948729 293239514 869094982 975078810 22059600 981631240 447102201 712177496 654727418 936022761 56983647 871342624 575074264 186187518 343131505 421287659 476572333 556175182 928385994 979284729 499499645 604580313 745202215 654300099 641427988 960405937 44763067 444656984 630229215 948404689 698262931 752097580 197677346 627366320 327124229 13497736 807291114 898668098 418631456 10270712 321501462 249326447 856147933 49279911 744597476 872409938 85780534 358014450 366358788 287393074 972035765 788930520 722505810 649834204 195482206 847015415 852807466 76150518 600554820 554931153 371448157 844804721 777467967 470284357 933325425 904716021 528405103 387422130 470784606 915958598 704364536 681007080 788306247 746051832 737747102 677060112 695194128 496794738 949932182 473202339 579704539 236690296 137076547 494617260 347793697 75565902 224488098 490830729 277818105 913595465 161467084 16665518 656202905 422108958 68379044 913084186 172217547 616053150 725087592 141663207 940203563 955950329 391774814 606865705
558153752 853968701 0 207971048 639617010 823939080 618972936 162925973 525572160 565204988 353138335 30810744 791523768 121011814 381986827 763369337 558158021 9104360 160678104 114644932 771993336 644243676 224787420 935157049 296741823 930274086 666904195 635059521 537969728 281159507 772844417 949024570 83762357 79907802 224948120 170447867 26587895 912023245 968140220 278185803 753159521 473602057 480314242 526645989 971232519 980298905 99082318 266834898 108710680 604412569 631720011 863163484 507302195 780945284 602342693 13576285 323452399 106860681 999306844 509720367 553124791 991457513 16113146 315358979 486011387 696793999 714532889 934983452 765100685 450722400 168806228 832178586 173197775 959901533 533364356 288923305 408441385 961213610 924917907 101930364 814307287 142190889 225873238 68220749 159553580 925125851 457613544 430313578 902993985 108295181 474697148 303820530 378337662 762530725 670578805 252763500 466825437 398429124 72049417 178217338 683407242 743073059 969037998 61165074 298629603 343276522 69778610 981444063 186517771 325448637 369988023 795983771 62712589 689589045 844162782 176920034 586781266 789977450 489785127 464123790 740199877 241675219 703741795 641327200 580290809 98612861 313429943 7720880 58037559 17068922 721974488 434155621 689630072 132986681 149089951 930843817 247522197 653767272 598375187 110278840 967286359 713342452 373785362 33260389 744477662 624412245 423471822 969653158 838307762 539870779 119583185 859733126 2268297 837771668 416670869 290850693 437648429 208323001 771461936 927735616 656884798 605123797 346482263 368304872 372586401 127340697 859513723 651660824 938258947 604736602 741210632 575726129 32307034 305454499 727488388 732324730 392579022 572005765 421696997 831748150 70255835 872063672 695026059 406066411 649689965 43410633 582620024 504003357 6541145 785034368 866343669 558646528 265965904 421178932 454609137 269299750 453048057 455586973 332513812 47940215 624686638 348348541 694456368 289160064 487375607 321646723 230305432 238652684 752476753 865885463 864339587 283850716 139718585 293955673 956372713 120851077 202520104 116892936 172936672 715408059
803780811 221489656 207971048 0 554827873 497366274 844993284 643073609 122360706 961367832 179620208 143067887 386932581 824756604 153207968 238021782 912663589 533834071 829818751 440368955 316130305 608982482 474946609 650969443 537331290 122211194 957664410 89450648 106165230 668547084 406920180 963541168 779643875 796001767 971610388 662473781 676260086 241797547 76936358 886018312 820877749 270708295 140421521 425540717 703918250 474382763 497603107 201609859 719550357 843144151 262017083 280912254 151829084 685371660 283968852 818309978 835218899 279384346 693356413 801824010 756033924 587926752 422873542 522392860 779801264 745891096 869134744 899011158 717836090 658542228 981758119 650757811 48006663 852713265 675960539 567558921 392985710 57688498 110623775 929098991 535714283 723748163 57663234 693643471 612533085 650771494 331757479 907061993 46023742 894232723 802720631 664481422 617407292 809947469 366653910 945725401 279612651 949550875 812619295 124400339 22811566 999448652 309729130 997972616 59207190 95598744 332210588 381611740 77156965 282900284 20319238 226578776 616915972 847311640 129465040 739976755 665828451 644537873 507920960 744563646 753343645 36621327 395455329 610207866 540977484 403819011 690675545 234870327 90994449 21151032 393138356 86295611 345486845 386966614 230792820 715565184 88461984 167707985 925610712 288522035 325280111 694662946 201922153 640426749 979864902 213518695 625827394 905787762 926966837 121311651 839104596 964958298 579024477 661138811 494391465 80393942 709507931 170950786 976874664 371148930 503649230 507486427 358550276 36145824 809806044 126069974 666695508 156037809 326634764 27998677 132441429 139885157 414257274 306273557 371756083 804863200 679514550 649898023 478742817 44736750 107513674 853913363 74213953 250479553 337401631 961762636 144527246 74118414 895271992 649205542 350372471 208182153 735772569 813223268 905684960 276478291 462834878 966927334 15276309 495743438 146394659 121907612 458694329 873990989 695307695 325588499 114523781 20422123 845803645 128800133 196580931 380096086 960793900 253501334 201336621 124280536 179129354 486545313 468068012 724451965
981999328 99871999 639617010 554827873 0 492489816 799804012 606146580 844088834 97807273 139308533 319397187 87428836 713461983 683352100 18131690 61342851 228125447 269519923 777428877 605888855 581929852 544405551 269029718 728636153 201484113 896652005 741009589 419034291 240912236 646451227 320681649 812656189 217697231 710432336 611399191 505737948 252009540 364858876 313733120 665415981 822532781 876766812 13090483 209100537 839542342 754954241 125005215 543981834 394744023 769419423 910865162 835160799 512934795 512748624 768971152 112775844 182300881 871245114 671628563 156283159 953157597 741807447 329199665 651358384 489345389 476956939 511353440 154504974 35593713 691273838 874442890 358508469 99795397 657939864 655123676 884016019 24023865 271080085 859682277 965735177 976377143 164517765 943280291 267701750 357339570 573530769 229203285 341845666 174687943 256020374 908024710 958054896 754093009 817649118 532488485 543330742 334872355 852078430 348787610 646207201 267352878 663436034 44453535 770575243 605366811 567668860 72946065 261683195 725296174 967948561 849529474 879631466 39567059 341421144 528978318 614979533 797006420 454399786 594706116 25382665 508481112 734221825 459374890 946761678 227480684 739845675 19689500 494834128 916112308 489838936 555206197 179816858 233845938 506709672 975723745 511619438 770589554 404611071 161669622 438812266 794899105 327011220 366413674 849290985 987516223 322308959 799838385 95495613 11407444 456795064 89557282 387596522 682752789 589836865 406965426 941923036 291127627 422040590 348014030 934019596 763813245 528033022 102687814 879279054 98204423 722054517 335881226 460182168 747093439 935268800 920527467 753596182 83885925 423854853 237949736 805533532 284123365 110902681 880971590 99695651 507349697 781411996 968185728 300695014 205432579 574557806 845057768 270449658 347288329 553673514 418717443 578553325 426864070 108756161 254621625 69931681 574023950 286481425 481971078 255117996 636501747 365726915 60267575 410470206 479162203 331496152 529865747 978645274 82730941 588528474 127428783 711112392 741375809 468437823 356899366 259486049 119127620 50951911 999877978
865616773 736290841 823939080 497366274 492489816 0 785309377 986764237 150323712 233969174 736104428 348912033 415977034 251780339 359580263 2518462 820383466 614681289 901111710 143916470 99507160 851974136 922262750 998158264 315641870 333010841 575772990 814119005 806551468 389949907 491004286 826114888 952005302 712288623 441427645 658592671 530900536 881832253 583867578 949603860 274439483 808812198 360676406 903218300 675934679 124307818 16271911 792673023 394208903 792151182 372107904 764585044 185791235 532164481 295940415 231593425 867806498 712637199 360659271 37339014 105885898 83600052 989432118 74923803 36996259 269905819 493163398 859005913 747710902 406078191 17633342 132830296 805712631 635406979 537811381 898524937 402764592 557863495 251387270 788370387 759928633 556678224 236427975 185934072 558935785 920867124 651230625 18320625 187483097 120725339 770290463 464953954 745183412 603814123 669840825 716029149 576535046 941060602 929528666 767879515 279882854 586433766 983637395 687781128 655664801 654647207 162740766 639047073 475391829 264067605 86302913 759065697 236883884 198172735 126418400 441705426 348530014 850419952 852150252 490444968 283881432 66797086 112189020 319649213 774422415 834417700 136690947 786136913 314580034 827090819 612557097 822507986 495665393 647614174 594735051 125801210 146172880 963031537 484900848 737336005 843711728 305197297 539073193 324983605 538007846 988549691 956787112 345126669 833152274 674342609 426681290 503998795 363451231 356038998 952611703 536691856 353909288 696856365 963299791 738233803 54444519 293115881 920246204 708761048 750204790 759307406 689209266 642402727 935352039 205669716 315613701 973164740 545038745 541581551 147894984 948785893 433363555 945008545 159172016 266975108 306870518 68596039 931773861 989309343 285088732 210265945 692598574 361891041 494356448 823303734 187192445 247260615 903418018 504812342 130099585 726420974 408189623 496577830 122545898 720848974 466102873 282469062 605426146 386309237 855506115 569655157 263245521 420904438 494674262 406355840 606736222 650896567 897829565 651255132 896307865 617464196 470476823 253581780 912389178 642082205
598692339 463009140 618972936 844993284 799804012 785309377 0 538955147 574234005 18282072 446921451 2686428 13832076 967951265 742877234 976927545 216301246 133272143 549243002 854999305 209040041 343833344 515482013 559346549 255917780 653883314 66426900 326138525 628764004 312000822 39999874 509079327 763833266 281513158 834399230 425346324 890132561 341171320 709050977 143139964 926357148 482191604 436621335 346159574 878512115 163059475 801653855 414303345 963476625 419664666 236775266 533917347 160110273 825805683 572734478 534648064 841985309 694482203 270572182 248287230 931526637 325890200 911124479 711415161 215162443 49810471 409714718 267593832 2570143 185184913 325581087 420503966 360865888 411242308 121436943 861007713 907574235 886789901 409546943 704101136 738245519 878965810 840030788 661090099 581147727 264095164 810863014 992911591 637337646 310075068 984394271 537647722 510183818 185917250 510589556 780797115 164749820 845881132 900177 129976318 717925407 354546063 449852168 912610138 908285460 929312381 676167267 665663343 264859210 627718954 436021636 391817929 516414080 700719810 324836165 119152477 509976821 661840122 482383226 994079681 882911244 221368180 824824836 115114939 201295949 806380351 198202774 904804159 741464563 578212496 571611522 476302833 839416501 304106189 363097766 168519836 499458655 142278142 482408708 661083074 546235069 538115139 922606568 342366464 435200515 811431014 726202644 120712111 712275097 450807938 597526973 217985772 909750916 770649524 516545300 589939813 345849442 295193126 532895573 9904742 325202095 724011816 998961111 455739562 57934645 794732855 987056835 152380092 625471471 781575947 260099927 335615333 92706250 114772987 373289818 314988002 595740550 893448511 597392355 674394032 97933636 985161033 402699870 22720998 517134325 842651161 759611977 468960290 709770247 669792577 5207378 363450411 163672471 141919321 995526506 442813687 398308892 877900710 463698567 231493359 989645625 755040676 979710201 828450316 215219565 725868312 627368211 244985727 482828697 483456718 37977755 794139357 947620097 603371696 396164020 484395893 539430274 354364864 489820209 311954625
766818310 327786377 162925973 643073609 606146580 986764237 538955147 0 573909759 443502394 802564761 311249882 278477255 290710978 692518207 80957544 931102347 607715334 537643550 967436776 224813235 253460097 619463238 349857687 22065926 877614907 240878964 118420492 82624988 194863727 250070862 852339049 250691123 496164834 880759210 422767923 891535983 792065516 762849061 945392702 451697957 630989987 165926362 534871457 733773221 988255084 917370637 475481525 827162611 792449015 60047970 734583300 32636095 858001580 445079131 163379475 560322758 196937830 211607006 340742675 494020589 491306526 219249302 879765831 524956014 946539537 27917413 130918272 660248076 958262343 821767580 704009411 199651753 616269011 650820571 230572894 888044213 484487353 838069873 675602040 564438746 928897244 52831656 686678956 178321192 685270596 520385871 49987840 59704386 398000103 596699884 96123264 899812349 680159111 590268824 198731064 684289839 645980988 411300611 324028024 136463040 105362789 984946248 441190984 736417286 194176853 315232935 331864450 303273474 984240299 728205595 886670497 301388486 449822380 864426994 468588902 539272022 871142153 117889790 564024475 841317895 900648199 683845928 484546597 934432717 568316164 86672139 736725965 194018428 554228670 381947404 625543524 275978741 630438210 549785014 958317529 544327206 851276870 81456408 302895929 498981143 377159731 44547201 474017100 113092642 416260477 294152495 40268904 572583681 980701041 386785595 853416257 903024156 889365779 232381618 183164716 842664396 654431886 243017537 474910108 636324235 217237397 299990928 958493443 501101835 727042741 237602048 978308942 309270599 902483532 584039467 335285047 70175217 42356662 583014692 760259334 940601050 761863858 706512163 123761194 224810422 905545716 58771644 512199212 445648491 168324345 827251425 710767416 686629981 503191026 123720837 785447405 942889862 893682234 570813151 683273223 660098523 232727325 379004336 394039621 744432416 856438450 944450348 22562615 62587631 408091035 937971916 771041907 238763459 489681202 601257506 446124307 662821433 644368721 666163433 715169871 226896987 336965946 307763548 811313616
937322566 341791607 525572160 122360706 844088834 150323712 574234005 573909759 0 248442656 298286734 463855735 268872918 159330367 615884455 380760649 534202419 162361602 746509474 957736793 731958427 906331210 895039607 906909225 148058081 428209676 180388359 594228243 880996108 38438186 255478070 535785214 269137095 513375372 627603438 747060986 590237102 756783368 844859395 708688521 619755455 5058123 754183184 561980128 344858443 647677558 852852369 562361567 600493810 296744113 539096471 940743065 380410412 888842683 94825718 3226678 591231161 241326549 441509413 941395839 380790961 222647306 810950757 371893361 333942017 636472654 22404978 825637598 172300597 289487068 608018717 7524539 208915718 445602054 281923359 305805916 651562895 558853959 665823963 556357540 130742632 812793715 51445359 794937156 745174803 419661730 730983661 673722829 914522039 964233804 592503305 195917398 183014524 723269780 346228564 232802932 990823796 689970511 811793762 982021391 404535382 218480850 992382405 461158585 80422302 8657080 796652944 276860374 565899294 535264452 672787959 164481883 517669027 54682547 192777536 692513598 597685700 566470351 931757854 929501564 526221137 620361454 368760758 986380471 217938836 311088216 944447808 215777926 574519239 368645978 863949433 543977651 177475471 618642664 691422706 692336397 146923900 388411889 495005248 451904197 851784736 810973282 248410455 122856312 81941269 34674762 509294974 653503391 950437728 579370607 66769175 301727307 517822876 891300235 560960916 376718219 82537075 609744690 996617617 526880306 33225427 997210393 863916473 512324856 887720873 755227716 104809939 18224936 68722316 217637090 103703017 667628346 791972663 7884263 589839965 530556303 672790955 904120593 210117027 344400760 170664980 647656470 135126931 669935173 814758739 981788084 429479633 315455410 60066299 503337454 794862159 244438362 876449070 864448615 155019745 665588683 138492724 463891204 904011488 685825627 239316318 511726886 125149078 306077029 365838160 64005607 745353349 713121560 946073582 607979451 436625241 705487576 734558668 277674798 994341382 355471340 942641247 616906894 498262037 653044173
627412534 772180888 565204988 961367832 97807273 233969174 18282072 443502394 248442656 0 437244648 933630476 991720954 533612059 890697651 208889585 680899145 855254296 342786024 839505112 134280580 802301604 258356634 803644824 292679540 749115221 754605741 935068660 628145445 6084027 457330199 659207385 568044396 537405483 68533142 439042296 439757060 118831873 481907490 102561407 832114604 828397628 938869713 546732590 737664673 921612880 944777739 393736181 626037960 479978121 313617722 138869893 423764389 306118159 82809837 621316247 739637958 344662852 4568787 278228489 887684400 192271202 349586774 925263788 616404476 29749195 292506734 965243983 474912532 739353387 19125878 585577932 964568352 156125235 780262947 355542087 887022771 462030048 606526247 975828137 169343094 862806024 35278043 353988965 292988229 541015309 800086706 833560410 851148114 846688392 401261089 513697655 414056475 159182836 863651008 176223986 817256499 589973730 357287903 448040212 552479066 217310224 713832958 588942038 307487856 648492968 701661874 347853123 988863131 88337064 978614875 658752385 552817917 797078930 328106496 769777767 858605212 730734036 229450811 790344477 62889483 958952326 568956785 808076521 930146301 788175391 28548480 384566938 77027564 209845577 89932913 71016295 975977663 186670705 206049671 931487056 189766195 817091041 727904623 902505465 958340909 900614048 589984386 606883846 256498895 198170004 336184967 490113173 986949108 16586036 658183328 971218046 697638870 802938526 456411343 375756822 559623315 106827780 197212615 367945058 803785925 934228029 868437694 884065631 325120593 629461015 524393854 492694245 894707777 783644746 212272473 448665910 268868685 132130176 212944063 660245232 277207654 382828994 656406589 861039165 191690605 385029976 357906349 880429232 123059945 114015283 325617947 590878871 283817728 768343510 596806608 634203740 607975715 704431124 130759813 541760288 524320992 916199278 731358544 561694183 693094600 629753663 428230501 453600642 693756621 887831727 110583632 844069625 326656408 517739277 479302741 419839078 94581501 264598673 482607122 74283055 13877624 793320258 181975299 584366605
962093305 372598509 353138335 179620208 139308533 736104428 446921451 802564761 298286734 437244648 0 972558429 176429038 103112383 361592914 604774664 207036551 77634813 594372287 135818526 241760218 201665306 548059281 168174687 868066457 632220634 61345360 200570013 364187767 579619561 229637698 412552836 736280683 715262457 305565996 92201864 114339019 744289154 284907818 899374280 123171014 914300054 316793888 642378539 514975066 175789326 500097374 281950003 64406217 228878461 635397713 411715617 778470816 723220204 180542791 610666962 168551486 111996030 342014853 172682496 939706188 134932266 316920304 618599789 258361473 898466519 799531844 639766597 33878065 795461066 416987774 374224692 208333880 884447718 525030835 272643620 182464398 106781703 892517162 338877599 818346505 290194786 513967411 680745070 254133023 35203967 505682318 936369037 20757189 894359606 778229444 108185794 763121379 383186828 125304849 66264030 720297510 51518122 413919304 236633051 280185665 688603104 369966698 669016161 430906225 524875371 11217997 142059904 61520454 287369854 528985161 751432481 242886601 821400698 330749262 64702857 296908145 184448908 294913833 525520237 314004040 979813131 538281590 480558426 438739838 464899599 271831347 882092904 137916571 596575942 962391835 857872287 64431665 626695789 359490020 919027984 411163635 304744057 90438538 214449112 822719759 572828324 80195173 21752889 570832932 468453130 959832426 601214186 370980823 247718529 210752877 628333731 49293693 871132515 828131028 868905878 861088925 972840989 827389625 741899817 690217444 92837037 828406463 705262470 592462052 625701788 568781906 887161477 248950639 332694334 437264895 32806816 850089134 261916673 215137484 245000457 497390255 472508495 634505721 888464663 839633978 541346608 10603359 641362175 121113260 801958677 677603033 948469250 646417272 711784688 454174760 185062623 880401541 10521188 480487540 861407020 816629214 593611351 975858412 53820272 629230534 39561440 647756273 804155016 131404196 872837059 574792271 561914760 958680208 579586089 545993447 420129197 98616172 835943775 782974596 337927055 416448724 584969078 983834796 411523566
226953666 338908136 30810744 143067887 319397187 348912033 2686428 311249882 463855735 933630476 972558429 0 389348105 275372688 188542270 989527321 929286779 373585616 715471266 592021690 929672555 892654081 894545572 512013826 517495132 979682901 849831658 784444295 834806517 574948274 632960684 680263508 207020863 171382448 424334317 483372265 104210490 273933187 371941830 363219188 477101242 42833491 691930517 513750348 944658925 968310931 611860516 210315832 226364302 674275497 198618327 847627731 47683099 393462611 210533029 951528423 401242903 973495971 912969749 941506595 573047903 15152851 49894088 860916727 701746274 797712648 881793176 501330057 373487442 477018112 716714608 777529761 746942627 59815365 558331820 145460263 285932852 208603685 256952481 908263077 928353217 787325276 602147289 172304726 784927552 50768782 669802854 385990328 537175906 798736587 379420262 646898485 665772049 740115456 386348509 933000293 353177922 146812899 890851534 600897448 773593143 392628033 501815566 107429844 684499704 78735133 309463486 688897664 722290363 126521239 145607605 384264394 780222700 194946416 426640622 302905028 335245899 891168570 912321948 724974393 261797172 268963647 311520719 798626480 938743847 352201572 93494225 846091480 783435499 536034944 851332645 669342777 466645086 773148733 880995089 109126520 38899963 686245639 289527737 775956720 918716909 338327016 493790130 862701696 121108500 377848772 577934983 266154147 545189056 901366435 642461224 746196425 661031639 386396578 627234320 558558170 176131590 486445982 347298378 447700071 652256413 260502783 708374653 120295341 275908537 481644025 89864004 480706942 326813965 888007570 420386744 357288353 465861642 447762623 783347389 720115922 982623995 346040533 489324448 166982387 350381967 910241515 764229183 131894745 793486812 746721597 73562986 999394212 727821833 684175513 378544945 348899067 931183851 931364171 121383457 406271665 762986930 917680281 712327293 300191016 302037940 564185483 528299034 942479710 433406865 179779940 600956468 92395147 705402713 455947373 273175238 347436269 665660216 242386485 32776005 360303965 722967355 662721065 268887068 247473285
151728158 780141768 791523768 386932581 87428836 415977034 13832076 278477255 268872918 991720954 176429038 389348105 0 911420543 9442474 818857007 869232505 92866179 76131918 849446853 606833063 281668905 699618717 154841255 267648381 365021954 479678391 287332243 76043635 925960097 214715341 412669494 520912533 721213226 259581284 567962719 678096347 7848175 815334683 699657995 844199509 583656783 758901918 579827109 387480817 799625917 322433128 953100390 270921420 641199711 547607899 63821943 290219653 925144806 632013537 835855698 713406803 372336047 789979166 176743311 301404075 971917229 42945947 566000012 39094413 870372444 838914299 504439408 927613989 855896350 694681339 2506513 404176639 238404721 516434303 49414337 857799048 752954324 934234444 807092649 533747415 751525632 410428066 560510254 326268868 183614599 447209773 145269783 683189484 197792348 309117973 239390680 580911378 656824856 321820155 226011860 102083248 981419055 866190261 766195150 359945025 228610204 43322066 331809233 970936769 981308152 347615367 373706240 262446770 105079886 987528192 100488814 337456206 98949591 415881181 676944618 577888086 793204656 912552562 932131299 427153412 710481258 379442575 17621506 97115104 582032169 871209242 783355825 704662246 377960869 355133660 883242863 289061171 392337033 810251780 269619172 382393656 163256886 39877680 755120993 654178039 538794125 517067106 298407688 687555309 601825726 661514737 520764306 787381745 960313334 877548177 718536350 742189108 325900199 587970543 823017013 68528972 839989238 896932307 47722507 566806884 350987921 465008142 345227651 464767997 796325300 40766293 668940292 299127966 553062464 733721571 334745192 384832133 797583986 60666039 269026356 953080819 952344029 266680177 941551919 300703360 448156807 124415922 976353536 233815980 906315359 745895633 445925858 649106053 696850370 845294579 634317497 282846984 484254251 312195940 73528363 415792996 557723872 192515 373861655 533793994 226370405 761411948 906771482 300138378 634268141 573446963 350985082 889254697 818801410 189019920 635298797 99950214 88492028 622996770 19644718 395456553 899945279 422168674 862174287
68579122 519860750 121011814 824756604 713461983 251780339 967951265 290710978 159330367 533612059 103112383 275372688 911420543 0 412823644 912834066 535861768 83591587 921905099 406823508 399176904 724785695 319172116 219702002 141129500 765362365 54815551 257026732 228104035 613426512 523906142 942330742 650230109 749090475 819313938 123955981 113850099 87662146 53088637 824660542 109668318 432033401 974124993 755868044 659115800 358522041 487380008 873197833 781337336 472824077 932023319 427076712 992791900 215711311 275099624 641761597 36350017 841975447 641016793 897883132 400824642 796861225 430577600 433669157 574999441 535424434 223858759 979400819 798469217 684166246 404992440 61347401 260822337 649053690 629583382 958157696 525720887 221341407 327764295 61239129 395590863 202968659 638060484 545247781 115068117 983630940 292664880 649964977 482255613 446193661 533033383 272782010 691793694 215647305 191469471 498238542 245301160 215462824 571028997 591119657 305634223 722181898 549044171 529676791 406501868 959785734 101611711 764441448 55742157 507973072 752578048 166216575 935631771 606035723 637095813 345471190 215492480 100297992 980900190 985666712 562679024 837257825 481070428 861122839 544901722 50999216 917506585 479067405 363645383 35570236 317005827 689667361 555572664 73991434 927525534 692266409 105647820 2147195 310964803 337662223 432324383 501565888 193038885 863670193 106096778 199741395 869515338 538791449 598549779 357611322 994976085 484134230 469111631 621479092 712701351 298448689 397898217 61033405 592215971 724160516 295798131 362217366 67113739 466809202 908071369 572144447 985104225 855415073 526797193 512094319 17278505 742497858 347113583 15023544 344213254 904765953 509112559 510416235 606870981 30377920 721408325 653351816 317531703 678087772 536745521 217246292 664644039 45252031 294507076 43912999 233691587 891781377 529365696 120881874 185173773 133913904 413650139 445770586 922387370 730034069 5661490 905167005 990221468 236373638 434859412 708237753 521823279 598049348 402789229 930083029 66552050 483041985 842377385 480753668 338903540 77362145 520876575 944365767 781235510 859749781
277664598 999060626 381986827 153207968 683352100 359580263 742877234 692518207 615884455 890697651 361592914 188542270 9442474 412823644 0 385862179 86490733 699746140 462449868 28704197 410401151 769598355 30281180 712216227 580717746 997797327 721072468 559597341 720194025 263553885 250825328 54320733 872808999 970224700 91035971 285874675 759686334 741159968 260088331 897305865 965393888 564037409 650254999 184378112 484997643 686518987 897120268 630358807 803296684 519566561 92782474 711988000 719397225 989648120 557467733 628250593 534475806 140817817 663012289 593782037 723851202 884038214 446161857 614729680 644705573 6064553 375701198 206632551 2416709 891128840 189677537 340399713 907526726 603705625 215092015 407763875 871140674 565673303 788932298 132772786 583777816 14464798 512468836 107911336 987628360 975684350 765994152 294365634 278887279 640810454 338240707 355699172 700923856 516737665 767195114 267788409 73640001 847154888 830210930 463557065 288999884 444774876 776923977 764473944 415954442 975577066 107971202 347677995 563754616 390618342 435054094 195189476 100604810 316775676 184133575 70728581 63986871 410243624 216950291 106916493 228208489 331983548 498501520 723707044 787015755 151901432 25060574 791201640 422118528 63140274 69150217 842038251 8361812 597443073 701003493 402777500 790992763 647011560 664089159 320022463 809962593 18887065 461445487 542960750 664633731 50094104 479155738 946394891 199660877 380236996 339094473 970547286 328556792 771015620 712010945 443045688 628564766 657637052 807205560 517652620 897031044 903727117 354274062 252334085 342206668 539058162 3455033 937477202 67632692 457194236 243343887 929832801 985332082 194071748 736348508 628898879 407577152 174408785 422953532 437881105 161388925 666502003 144376923 132028140 320758655 966184601 732886232 695022747 235004793 968995273 85365206 814659614 648074424 217714407 654619262 587843699 209097062 196022904 911683246 391220787 553069972 599180194 373629447 373959054 57636419 542968822 926627012 770969889 492201821 156170391 331770831 890866227 908235736 200452059 599678085 968239433 893810657 539078736 727954031 741583369
976466269 316862161 763369337 238021782 18131690 2518462 976927545 80957544 380760649 208889585 604774664 989527321 818857007 912834066 385862179 0 845907333 945548281 37462563 196872506 165432581 286805187 14705377 348795533 196868834 114881289 260605864 613293107 430053148 165337078 612099084 341638110 840543022 611393525 133206568 193992362 814583110 996153948 729421291 294346890 984496402 338670069 973442448 377948515 172946929 971925952 996866687 600912178 380712884 427897770 106638985 767342702 781653787 7220948 156248741 546314346 100787535 774180234 746008892 556353131 453552328 924143276 361143531 163932492 518728014 513534076 671447353 137130018 344214516 973494183 406560339 394163787 337558377 239882296 410549119 698568840 14478798 762734073 592260872 530815864 120257611 807462019 896784594 661144861 573239751 889730709 82936272 998342998 917793191 17712202 326285569 999353978 136430575 802277900 100547350 536708925 739592862 357553497 69774370 262035904 541967693 502304335 248503887 989886536 610803888 607750350 91563620 325728600 659518676 179242635 312256565 418331174 267448906 742169341 252057633 712170705 462760148 221221226 159993592 40638100 324595531 903247863 420461270 404874618 253069642 472577648 604032292 21754927 447938703 338362399 199141925 356967027 392336645 71075545 358026780 176877087 634374513 16733049 817909451 853836918 687114216 919225645 743787859 384877538 452758450 842062061 21267592 76057158 7704925 781831322 721154937 229388715 937304839 493555123 943270831 318393937 542319515 621912370 599671438 168189422 289830793 812138668 709739417 998247209 88475156 369191072 609838851 647563403 400539581 576365175 176152819 20414069 369636069 816744446 68309099 239076416 765732545 200011169 508573617 459071313 185283901 253224279 528970081 308114920 857497612 924660146 701563780 809189977 849935564 165367427 383595664 984555911 372193709 333652839 576218027 221233485 992641972 671616668 814860551 901531546 391747865 925170036 923569063 744156535 311162893 455740991 450726621 720887271 173292769 279326686 86544817 931841226 497067167 903797773 308612460 20518556 680274845 295441911 399588757 951619680
224792777 11782517 558158021 912663589 61342851 820383466 216301246 931102347 534202419 680899145 207036551 929286779 869232505 535861768 86490733 845907333 0 433200315 167173568 805271129 793621765 72110849 954922133 253952915 512325548 846074952 909254157 775441798 118179224 441184661 463164881 467595333 68768047 229102841 278016112 267477362 931789888 810827344 523491473 814865360 910741130 491642279 87738687 756947770 293723962 865829950 226488513 92223209 485369581 550958623 415592015 473546374 8843311 113340232 356201228 836107584 443274299 341513816 913057635 225026042 643780777 949414043 156853156 860504906 637384330 265937400 153597051 852396942 99121894 677953088 313352503 934909199 436300671 764388010 503778032 424477880 828974701 26512565 518118447 996555423 586611365 110904734 463600962 661075268 998639476 648124661 17592136 391094282 575606410 534427850 645824007 594352664 46617675 899654595 406730203 753828501 182087379 132642813 142290489 798071609 811385411 9100321 687590455 555008531 523438018 360549162 507315644 556004731 611747005 372758318 332887343 223028788 335476328 940846747 63677196 293204333 515364211 252961 263607783 992500800 183619283 155414744 769617874 460878908 427864163 848106719 376543161 458252010 738108735 892012072 373411426 879422357 994761533 292159151 560625907 432879838 244133098 325935155 56219475 495437876 880047088 583566498 981013606 949520333 860592501 891763358 508679578 363093565 601826362 709034154 208236210 951409941 103011626 844721143 750795748 703640404 970572225 990450124 376995042 116452251 250305853 307950920 481080084 679737813 85510787 985424551 98840186 693355536 503172918 370437658 244190862 645257903 756622840 783127481 816474322 880442598 451574319 268335144 988285160 83308166 603718857 981806932 907517995 734446561 150221706 311055192 967814595 935115381 913032383 379833369 660525336 967421503 234671422 936053336 800610672 771721412 698735782 77180205 57519212 543956715 100398975 650389231 430332388 61937757 562860722 252734421 853472311 68559887 216782605 595708542 748548923 473156717 592536179 435004325 336451183 925233154 269127820 130011691 805695934 76317248
578004771 215581031 9104360 533834071 228125447 614681289 133272143 607715334 162361602 855254296 77634813 373585616 92866179 83591587 699746140 945548281 433200315 0 26853065 747973778 709023987 13540394 758753107 342251667 947863314 760389126 751691223 696475138 443130955 158232196 278076008 360121737 192766725 350780709 799812777 275495187 556542941 189162598 974874850 907227384 938223911 241329875 56031098 156803601 896692161 532668264 742486930 988062339 443599858 220773038 117115754 789267975 557046779 583067840 28068823 160097274 888332607 990003272 280110996 871307987 917957323 803021908 361979596 246270012 833214138 457388348 409095115 310392649 386989649 242552419 700775969 903726405 430186242 885058724 697975997 614741708 109755818 955118343 677837670 306916166 896045630 778640601 854847530 400621602 434907034 22169315 468914981 28499441 543039031 603357050 755088954 482589752 497635545 601406115 203843987 913586410 709980860 494490649 417311600 932556848 470202615 802404439 984208993 492471050 291651795 105740604 496521565 982450778 740835789 630145069 278617933 241993565 53638874 630769238 527831155 529939814 196047343 143069024 582159828 613310030 863425006 281675325 974036247 311441362 161218373 419063659 69373346 258293085 689314387 455235299 899327466 982519569 20094709 671272036 139142428 963758242 763024634 640462368 887483854 390515866 373625651 1531087 735243445 10325259 248552948 688054242 560792599 407873992 950591313 386644327 537371446 325265001 96528111 65880638 299003172 204570631 370377833 628023225 667261021 453888325 78410551 92054721 828426009 730472358 520594222 757141824 128041598 929608997 119046908 201789792 876589708 829164117 592107090 358638789 502845185 811243952 701792189 33978102 808556779 664599299 789594230 457249503 852755297 289377071 158800193 216762698 734188993 883809627 578091179 187822235 603233656 762625889 160472024 486407140 465703179 743678560 374783128 653109551 779348466 780471901 995131582 470463414 768070144 530054067 913538812 756494703 375788302 965178419 931626408 84586650 336500758 380165765 279834833 83751774 395385787 312287537 148985718 973806521 164061578 761350955
