115
0 684 711 566 170 492 545 770 15 332 869 2 597 38 948 673 945 89 35 245 513 159 621 45 859 199 913 494 61 944 382 300 520 434 137 943 367 211 189 150 899 339 915 308 200 181 920 185 738 209 114 805 433 880 186 493 905 560 880 2 701 140 213 974 646 897 388 78 19 76 477 872 601 619 368 333 68 947 720 55 695 718 562 649 256 462 296 912 156 922 633 441 808 531 58 935 125 767 427 885 897 679 996 107 172 309 571 796 218 323 150 308 763 240 932
684 0 427 587 762 288 907 665 535 636 893 916 471 824 504 958 547 832 379 277 56 995 179 836 624 523 760 950 898 334 211 503 697 636 313 150 507 138 693 955 800 21 507 985 823 453 862 180 489 285 474 323 97 128 651 127 221 508 939 797 142 429 890 562 757 69 456 37 409 311 921 552 266 746 872 856 103 166 613 247 482 323 340 644 548 218 62 402 34 105 307 601 496 880 896 225 931 102 234 58 580 199 430 195 663 262 888 764 844 647 243 728 294 518 740
711 427 0 202 527 444 55 703 92 777 374 803 498 909 478 327 855 822 196 312 521 636 631 573 302 737 346 228 401 170 854 728 33 548 598 358 155 892 323 824 849 424 995 570 31 628 305 2 768 623 765 799 665 188 673 968 725 210 493 542 973 969 222 657 779 497 868 14 361 107 522 996 472 343 898 564 680 617 392 344 595 914 983 515 129 371 29 280 73 175 325 934 756 268 781 466 430 663 109 347 599 140 553 554 222 958 159 638 377 375 648 84 780 448 504
566 587 202 0 933 247 21 869 934 653 496 142 866 300 128 407 273 593 485 110 25 990 26 596 214 35 811 64 228 998 424 746 160 412 547 401 995 115 812 856 469 928 519 706 985 359 571 177 895 58 1 208 554 882 320 227 404 456 204 548 897 809 13 750 770 966 329 931 120 265 42 718 800 3 731 140 507 432 989 240 155 483 22 581 753 515 787 226 264 16 910 127 158 979 384 487 292 81 372 379 280 682 948 23 727 587 485 976 766 338 681 224 673 328 325
170 762 527 933 0 503 444 343 157 24 179 912 8 854 606 527 778 780 744 451 763 790 162 550 288 495 627 223 507 547 771 955 599 812 90 628 68 405 90 476 304 79 819 453 180 956 107 952 935 424 590 888 219 192 243 740 367 634 571 417 165 966 28 291 786 200 92 862 929 470 781 688 859 491 334 425 162 792 466 452 517 58 339 380 624 276 35 329 584 638 657 476 363 416 261 640 289 694 357 824 853 1 764 788 783 134 358 775 735 246 633 990 713 184 597
492 288 444 247 503 0 219 160 471 949 638 68 466 790 697 146 726 3 236 536 793 898 902 918 528 313 521 859 568 311 330 730 790 794 758 83 82 695 856 321 935 762 112 452 317 888 556 579 223 570 212 549 510 293 207 609 54 522 596 892 99 436 639 889 35 978 839 707 60 330 677 330 703 293 277 646 417 984 240 15 152 296 520 458 399 976 122 622 627 995 295 316 460 708 9 493 324 358 455 975 982 261 948 793 365 511 315 370 33 90 585 599 156 7 937
545 907 55 21 444 219 0 348 651 950 170 428 472 351 40 257 204 795 459 274 740 452 559 380 584 789 570 712 358 753 180 969 346 48 686 577 996 476 265 147 461 351 365 832 839 326 253 175 380 270 55 640 103 158 754 834 814 436 825 121 170 36 165 945 310 105 856 731 180 709 750 326 89 961 957 495 256 733 521 839 705 774 424 441 701 614 222 755 720 802 454 394 239 416 651 608 770 989 484 863 305 920 486 16 529 533 489 516 323 812 635 885 205 308 188
770 665 703 869 343 160 348 0 7 379 335 239 638 436 763 762 417 806 567 445 375 99 128 459 219 174 465 383 750 53 107 335 566 730 525 73 911 653 56 178 213 299 123 345 806 174 978 949 643 707 922 584 119 359 93 398 127 150 823 193 718 180 172 764 85 948 204 89 712 813 585 123 258 670 450 785 104 881 552 344 41 965 305 48 886 265 58 617 168 63 440 271 614 890 306 68 122 65 328 180 539 815 67 627 328 695 717 687 622 315 672 252 168 597 463
15 535 92 934 157 471 651 7 0 721 804 256 719 375 415 938 561 437 738 617 76 797 596 670 336 929 197 912 8 465 597 802 175 598 730 857 265 401 786 691 895 997 343 493 567 475 969 972 714 240 974 258 260 916 868 526 950 820 853 791 599 73 407 930 933 901 662 432 61 154 150 328 225 575 667 978 526 724 394 460 611 761 289 302 947 284 132 676 892 714 58 725 649 854 884 603 946 802 638 41 748 997 1 756 579 94 282 534 351 415 528 153 98 690 944
332 636 777 653 24 949 950 379 721 0 470 218 193 331 594 826 689 114 459 945 585 815 853 501 971 118 131 691 224 633 120 200 321 243 377 609 622 29 948 189 627 189 126 153 950 302 641 207 108 145 477 569 485 598 238 827 690 668 320 379 515 306 53 722 608 160 711 895 411 329 714 730 330 839 197 970 632 93 520 904 630 466 758 395 339 327 713 787 591 680 48 948 559 348 820 247 866 646 392 247 966 100 981 626 13 230 267 28 328 314 578 595 707 368 944
869 893 374 496 179 638 170 335 804 470 0 183 525 732 534 887 919 133 727 611 613 193 100 907 680 267 775 884 207 590 501 729 518 813 497 424 46 691 7 272 348 8 341 343 709 32 697 55 931 93 262 379 613 53 558 477 551 327 179 737 583 97 916 808 538 772 837 459 743 17 323 419 967 946 728 117 638 696 497 800 423 587 961 469 349 541 40 714 720 625 551 140 961 93 234 387 405 486 591 582 266 827 629 919 870 295 555 225 629 37 483 295 685 624 513
2 916 803 142 912 68 428 239 256 218 183 0 948 263 789 857 780 811 896 271 639 26 150 936 679 98 24 31 534 96 622 846 499 193 726 917 673 538 292 29 504 275 575 436 479 165 986 737 837 465 16 454 712 168 864 841 12 237 794 103 168 793 794 661 553 445 621 509 131 31 814 153 475 880 623 905 565 727 298 353 354 765 22 413 449 380 475 249 775 74 897 523 17 792 81 854 65 955 916 959 65 396 521 197 409 419 990 530 172 608 175 111 501 345 126
597 471 498 866 8 466 472 638 719 193 525 948 0 20 1000 706 651 765 715 650 123 862 680 292 881 534 887 643 883 959 984 500 520 13 60 201 54 535 289 539 599 909 337 410 19 426 808 81 825 640 439 295 580 235 515 297 676 475 76 211 576 927 33 607 175 747 561 622 550 968 334 466 530 20 207 339 864 190 303 688 996 54 81 113 645 77 239 677 931 46 885 644 416 398 781 571 376 326 639 96 256 507 600 681 854 182 263 431 818 714 261 220 135 747 476
38 824 909 300 854 790 351 436 375 331 732 263 20 0 269 875 571 787 634 660 382 221 973 755 195 863 859 345 562 51 266 980 123 508 115 901 711 796 9 2 82 948 788 36 266 641 183 707 150 843 492 477 968 144 133 82 891 848 397 335 64 984 535 281 493 798 988 997 729 976 430 101 172 221 575 654 966 191 500 612 97 245 282 802 690 467 820 430 308 675 90 463 482 89 630 605 368 74 468 644 840 662 954 839 681 720 783 323 637 730 763 674 50 481 278
948 504 478 128 606 697 40 763 415 594 534 789 1000 269 0 405 353 196 949 873 821 243 843 452 447 279 453 25 232 156 660 495 958 495 110 857 375 870 630 390 832 763 825 993 261 554 232 900 418 43 770 410 408 185 144 729 278 241 537 940 946 682 879 517 825 790 93 594 869 393 421 470 216 656 946 219 334 610 40 290 244 169 351 417 170 140 428 764 709 751 576 973 275 170 512 299 307 649 469 31 108 241 544 296 753 967 427 746 384 582 992 268 970 48 804
673 958 327 407 527 146 257 762 938 826 887 857 706 875 405 0 691 563 530 137 54 581 171 989 610 85 186 250 844 313 579 879 761 372 433 351 983 967 988 368 318 609 630 618 234 556 551 675 819 121 904 356 27 344 740 138 887 465 882 284 624 624 462 289 755 558 559 280 804 328 276 457 698 405 602 729 764 511 343 854 392 15 932 664 763 562 411 781 668 97 508 153 657 140 678 431 975 960 482 31 777 510 225 599 974 961 594 997 360 517 413 147 888 309 462
945 547 855 273 778 726 204 417 561 689 919 780 651 571 353 691 0 146 646 659 347 211 510 392 632 942 99 660 978 396 561 871 251 580 460 241 586 90 733 247 72 483 228 728 1000 479 259 255 354 701 283 734 717 316 987 962 428 235 754 271 226 260 102 633 524 109 368 109 473 309 857 75 64 826 486 21 622 694 727 836 753 119 396 724 219 6 476 47 905 476 658 503 448 113 814 607 919 963 761 258 440 350 131 148 717 957 621 944 783 889 165 154 642 78 257
89 832 822 593 780 3 795 806 437 114 133 811 765 787 196 563 146 0 954 85 494 53 746 578 316 96 725 377 553 520 726 813 209 280 574 193 683 219 495 562 30 528 490 178 20 552 214 713 542 232 27 967 816 662 241 795 624 620 945 24 317 449 987 632 297 818 481 221 499 933 198 787 466 962 236 223 199 488 880 178 127 734 366 148 178 318 291 508 184 706 400 694 320 977 541 863 644 380 836 865 801 780 924 518 198 317 152 447 213 926 253 100 645 991 134
35 379 196 485 744 236 459 567 738 459 727 896 715 634 949 530 646 954 0 723 765 862 365 175 169 11 613 347 41 478 384 822 843 345 149 992 568 429 417 275 530 526 50 988 938 634 295 848 170 478 422 511 749 480 545 905 492 338 161 308 618 357 282 401 487 6 624 750 28 844 537 360 946 95 677 856 404 208 979 637 922 985 686 394 292 160 829 968 429 546 949 211 231 691 271 25 478 828 668 605 345 632 414 98 869 932 341 974 156 273 526 399 539 712 442
245 277 312 110 451 536 274 445 617 945 611 271 650 660 873 137 659 85 723 0 289 126 186 46 542 834 699 437 190 808 45 87 31 216 442 514 312 297 479 94 808 967 864 230 6 19 120 885 289 555 601 642 958 910 616 60 673 318 432 586 272 492 91 653 645 474 279 738 79 798 289 751 935 231 268 877 772 150 839 658 444 455 731 520 846 603 741 21 830 965 947 829 26 492 381 951 123 960 151 577 542 262 310 726 441 228 667 580 879 555 161 17 44 542 61
513 56 521 25 763 793 740 375 76 585 613 639 123 382 821 54 347 494 765 289 0 14 239 328 19 930 651 236 611 596 756 969 476 597 735 923 422 633 572 401 685 705 380 169 922 758 829 458 938 995 209 202 215 848 708 179 251 951 339 111 495 926 251 867 273 219 463 392 38 879 118 614 211 886 437 467 475 616 380 488 11 895 320 907 700 62 588 610 888 327 951 490 622 897 594 549 562 964 548 225 489 381 939 921 6 920 259 689 313 929 20 246 344 423 345
159 995 636 990 790 898 452 99 797 815 193 26 862 221 243 581 211 53 862 126 14 0 597 604 107 633 150 383 188 23 212 443 234 910 597 986 310 103 932 343 671 205 728 501 827 517 374 140 281 663 865 137 738 900 207 378 402 947 981 978 9 893 848 970 194 606 523 144 156 983 422 385 913 255 333 459 419 896 105 986 465 856 765 808 88 661 22 260 902 721 878 771 693 726 311 84 590 225 842 32 426 534 69 45 527 285 614 511 773 242 311 537 341 497 804
621 179 631 26 162 902 559 128 596 853 100 150 680 973 843 171 510 746 365 186 239 597 0 840 693 24 772 563 793 674 385 286 425 115 879 150 362 152 864 939 323 616 641 959 129 395 903 104 164 596 97 595 256 372 269 395 719 898 391 488 458 95 476 467 321 741 654 769 853 492 346 431 50 212 66 498 537 440 180 623 40 709 590 529 560 511 130 703 887 69 207 609 92 508 441 876 53 784 136 648 304 630 771 491 397 29 377 75 20 954 871 426 842 287 628
45 836 573 596 550 918 380 459 670 501 907 936 292 755 452 989 392 578 175 46 328 604 840 0 365 581 738 516 444 158 733 24 627 916 714 245 658 657 633 593 567 360 343 259 354 319 846 377 330 451 570 128 632 360 202 242 784 142 294 469 473 654 279 703 272 52 760 138 741 600 685 354 437 427 121 149 700 380 487 919 817 126 805 566 321 337 366 677 557 12 117 117 844 490 937 677 584 754 624 199 773 289 41 370 850 632 38 433 436 665 546 836 793 25 311
859 624 302 214 288 528 584 219 336 971 680 679 881 195 447 610 632 316 169 542 19 107 693 365 0 979 270 909 858 91 680 168 864 914 764 113 875 760 234 169 674 965 760 692 207 510 542 86 650 628 665 818 932 496 970 800 264 201 988 865 122 114 894 487 260 419 911 277 268 564 329 713 658 36 458 165 687 91 244 655 223 933 185 991 700 409 331 473 227 28 273 537 394 601 275 605 514 730 549 49 420 78 604 108 553 496 464 159 942 122 130 201 494 105 83
199 523 737 35 495 313 789 174 929 118 267 98 534 863 279 85 942 96 11 834 930 633 24 581 979 0 150 368 772 789 260 407 791 984 442 280 992 563 173 182 639 669 712 201 856 964 957 418 926 420 866 65 353 307 724 761 401 718 103 973 339 221 670 151 231 213 728 21 508 750 613 444 701 893 691 556 692 814 10 404 217 808 851 53 652 283 591 407 562 121 498 215 807 234 288 387 884 632 798 321 747 56 207 129 879 769 43 71 830 320 621 709 596 403 355
913 760 346 811 627 521 570 465 197 131 775 24 887 859 453 186 99 725 613 699 651 150 772 738 270 150 0 188 397 939 220 540 901 831 782 218 719 640 44 190 713 163 962 860 702 122 632 954 488 919 886 936 965 73 372 446 312 3 295 384 333 107 754 461 14 942 326 960 641 585 659 125 285 970 80 870 73 47 817 150 527 82 130 143 329 75 216 305 580 733 624 360 216 559 361 791 356 476 540 974 158 863 89 830 350 444 937 918 16 382 630 460 188 846 883
494 950 228 64 223 859 712 383 912 691 884 31 643 345 25 250 660 377 347 437 236 383 563 516 909 368 188 0 675 698 279 29 825 460 772 635 118 53 305 530 782 640 756 922 986 761 265 927 545 303 357 944 139 728 982 519 172 493 990 970 965 236 269 370 215 137 59 122 218 508 118 906 540 41 188 534 890 54 83 214 64 206 30 414 935 565 376 827 807 412 619 916 761 986 319 828 450 505 362 415 349 886 634 352 868 857 899 683 469 263 445 131 799 320 649
61 898 401 228 507 568 358 750 8 224 207 534 883 562 232 844 978 553 41 190 611 188 793 444 858 772 397 675 0 581 159 7 95 75 214 482 953 864 862 405 977 1000 941 507 416 35 522 307 384 857 533 266 230 822 472 383 617 450 306 585 647 500 512 513 917 854 166 558 327 376 220 386 164 973 543 152 900 803 758 601 63 39 495 610 517 505 93 573 31 858 342 961 180 1000 318 270 267 521 476 87 819 513 154 170 972 35 110 447 954 237 97 921 975 22 971
944 334 170 998 547 311 753 53 465 633 590 96 959 51 156 313 396 520 478 808 596 23 674 158 91 789 939 698 581 0 572 92 899 566 27 414 268 37 180 47 689 479 952 386 677 540 654 283 981 43 564 138 850 610 29 622 19 894 920 489 176 886 87 360 552 768 880 684 280 958 309 492 938 176 633 459 367 167 926 270 931 139 663 26 48 421 571 742 923 731 66 656 864 506 997 602 616 870 698 257 95 29 674 323 261 954 431 333 154 267 480 756 146 426 578
382 211 854 424 771 330 180 107 597 120 501 622 984 266 660 579 561 726 384 45 756 212 385 733 680 260 220 279 159 572 0 153 763 768 786 451 532 849 421 957 700 563 335 478 157 736 924 87 522 577 175 78 218 163 177 117 236 213 227 860 40 424 796 231 565 905 524 186 372 562 389 853 148 209 424 172 665 283 328 349 34 251 116 210 813 306 448 813 410 710 32 165 554 445 571 577 277 351 392 393 637 1 738 936 420 635 867 475 327 469 978 109 121 894 400
300 503 728 746 955 730 969 335 802 200 729 846 500 980 495 879 871 813 822 87 969 443 286 24 168 407 540 29 7 92 153 0 916 417 615 294 706 250 455 594 805 80 170 712 813 121 576 600 782 386 869 921 719 664 728 577 903 209 281 677 438 535 290 322 695 435 10 27 185 824 856 194 945 799 231 661 803 129 586 105 680 350 165 971 776 591 750 612 581 588 513 873 656 627 119 740 211 155 366 957 890 794 665 777 9 76 643 364 855 117 744 92 63 535 592
520 697 33 160 599 790 346 566 175 321 518 499 520 123 958 761 251 209 843 31 476 234 425 627 864 791 901 825 95 899 763 916 0 803 499 280 205 15 654 312 287 118 147 343 119 57 651 774 698 544 69 23 156 892 915 838 44 263 633 576 690 266 186 612 462 617 547 323 221 305 109 403 348 632 628 225 212 793 652 418 247 244 153 240 232 677 659 752 471 576 890 151 456 643 191 947 834 704 815 241 384 332 501 218 257 327 410 143 213 199 349 155 588 491 416
434 636 548 412 812 794 48 730 598 243 813 193 13 508 495 372 580 280 345 216 597 910 115 916 914 984 831 460 75 566 768 417 803 0 919 544 264 644 570 133 682 270 6 539 796 15 287 316 223 974 883 977 953 461 970 700 613 23 553 938 31 630 353 212 708 589 43 548 761 171 279 969 683 640 423 499 635 925 740 60 49 471 588 267 575 447 924 719 218 487 948 844 882 493 988 773 668 635 87 481 262 370 449 717 830 118 891 870 244 757 485 630 21 554 67
137 313 598 547 90 758 686 525 730 377 497 726 60 115 110 433 460 574 149 442 735 597 879 714 764 442 782 772 214 27 786 615 499 919 0 337 803 709 694 942 665 397 141 854 931 140 579 238 177 583 164 270 671 668 907 224 175 922 865 976 264 43 572 895 583 794 167 155 850 218 678 128 295 567 474 82 489 63 620 118 910 235 342 920 601 189 378 147 873 316 330 866 368 449 304 213 840 458 273 272 630 880 245 376 987 532 948 150 312 871 818 482 876 119 444
943 150 358 401 628 83 577 73 857 609 424 917 201 901 857 351 241 193 992 514 923 986 150 245 113 280 218 635 482 414 451 294 280 544 337 0 240 451 296 404 117 840 172 511 679 575 172 399 936 817 286 414 39 606 907 174 748 690 49 628 383 772 431 84 47 137 530 711 696 658 544 584 75 664 802 791 519 408 563 801 784 126 485 373 667 107 937 56 821 968 350 504 783 86 656 717 981 412 262 70 688 429 158 213 763 857 393 514 809 215 783 676 574 771 98
367 507 155 995 68 82 996 911 265 622 46 673 54 711 375 983 586 683 568 312 422 310 362 658 875 992 719 118 953 268 532 706 205 264 803 240 0 274 432 293 457 773 671 854 667 477 738 680 438 186 281 4 799 248 565 704 829 817 754 480 976 892 53 44 649 56 309 377 724 24 492 37 53 563 830 709 568 763 62 19 692 904 848 155 71 201 33 733 771 670 96 785 648 817 212 841 697 482 200 616 900 678 378 333 876 241 18 600 210 493 221 52 193 362 68
211 138 892 115 405 695 476 653 401 29 691 538 535 796 870 967 90 219 429 297 633 103 152 657 760 563 640 53 864 37 849 250 15 644 709 451 274 0 220 770 189 295 499 787 735 667 959 456 409 422 853 370 50 443 1 869 179 75 366 80 731 201 226 223 591 580 313 163 557 605 266 209 907 398 456 605 89 518 844 464 171 928 388 498 561 921 528 79 57 704 489 852 737 538 320 397 338 470 45 947 425 803 191 795 347 392 77 234 742 173 536 274 385 68 277
189 693 323 812 90 856 265 56 786 948 7 292 289 9 630 988 733 495 417 479 572 932 864 633 234 173 44 305 862 180 421 455 654 570 694 296 432 220 0 417 49 305 509 608 961 285 226 69 815 72 170 132 486 545 674 779 656 264 188 17 580 753 731 56 903 326 95 531 961 742 702 273 591 789 309 799 163 308 678 825 401 862 668 824 716 314 845 24 482 921 556 661 725 46 136 818 733 945 587 18 703 175 230 521 273 811 647 819 801 642 983 150 276 837 648
150 955 824 856 476 321 147 178 691 189 272 29 539 2 390 368 247 562 275 94 401 343 939 593 169 182 190 530 405 47 957 594 312 133 942 404 293 770 417 0 570 797 43 795 65 897 958 737 650 127 83 152 140 181 148 428 348 449 927 916 339 272 973 794 861 907 234 37 390 332 907 145 57 244 278 772 923 660 167 605 265 325 334 502 997 921 949 136 143 175 516 425 866 216 206 113 701 687 715 335 671 726 247 567 266 197 768 731 437 708 123 436 30 111 381
899 800 849 469 304 935 461 213 895 627 348 504 599 82 832 318 72 30 530 808 685 671 323 567 674 639 713 782 977 689 700 805 287 682 665 117 457 189 49 570 0 782 589 189 435 253 123 31 162 142 95 145 736 675 410 478 492 662 366 874 168 402 752 550 318 89 261 521 689 802 471 369 789 474 364 379 912 826 876 945 196 410 734 455 80 404 921 631 918 540 609 77 99 133 993 646 878 713 697 682 346 579 763 939 253 985 544 373 468 560 113 607 854 587 932
339 21 424 928 79 762 351 299 997 189 8 275 909 948 763 609 483 528 526 967 705 205 616 360 965 669 163 640 1000 479 563 80 118 270 397 840 773 295 305 797 782 0 223 188 541 727 150 584 344 786 449 270 952 658 395 637 404 998 660 55 538 257 7 871 574 374 318 837 582 533 468 826 827 973 336 848 179 996 58 125 641 367 527 580 914 372 850 460 545 2 897 289 175 818 553 417 143 986 398 275 681 266 433 158 751 471 67 852 382 875 833 777 969 557 197
915 507 995 519 819 112 365 123 343 126 341 575 337 788 825 630 228 490 50 864 380 728 641 343 760 712 962 756 941 952 335 170 147 6 141 172 671 499 509 43 589 223 0 641 190 847 327 844 422 913 487 452 91 84 186 958 988 258 667 227 375 806 972 232 346 626 767 277 8 517 774 993 298 517 972 355 5 931 323 923 981 226 412 224 902 170 844 825 935 935 982 204 951 509 191 862 881 275 104 212 471 691 210 572 998 12 94 171 611 869 334 207 936 745 534
308 985 570 706 453 452 832 345 493 153 343 436 410 36 993 618 728 178 988 230 169 501 959 259 692 201 860 922 507 386 478 712 343 539 854 511 854 787 608 795 189 188 641 0 206 68 278 324 48 379 379 228 796 832 961 519 148 849 937 438 968 535 839 752 176 15 7 447 48 366 656 406 60 395 746 147 551 109 481 885 261 579 248 24 222 971 878 98 237 942 560 793 887 853 791 245 239 212 14 707 931 649 36 570 458 250 991 897 613 132 295 152 591 231 387
200 823 31 985 180 317 839 806 567 950 709 479 19 266 261 234 1000 20 938 6 922 827 129 354 207 856 702 986 416 677 157 813 119 796 931 679 667 735 961 65 435 541 190 206 0 175 237 139 49 738 230 30 422 453 646 332 926 37 318 929 606 306 78 751 785 200 654 912 99 407 228 94 27 730 916 24 945 82 854 945 366 936 588 5 884 583 24 568 684 795 52 229 251 796 358 446 856 374 979 656 523 758 536 863 85 455 928 276 279 421 528 702 915 899 290
181 453 628 359 956 888 326 174 475 302 32 165 426 641 554 556 479 552 634 19 758 517 395 319 510 964 122 761 35 540 736 121 57 15 140 575 477 667 285 897 253 727 847 68 175 0 548 546 489 414 898 761 324 250 315 824 913 64 518 952 119 930 469 543 612 809 218 298 27 286 831 567 49 649 97 381 6 552 247 35 785 857 866 25 284 920 559 526 956 438 841 717 655 847 482 201 232 753 867 675 202 182 812 500 338 634 209 516 94 425 897 212 434 163 224
920 862 305 571 107 556 253 978 969 641 697 986 808 183 232 551 259 214 295 120 829 374 903 846 542 957 632 265 522 654 924 576 651 287 579 172 738 959 226 958 123 150 327 278 237 548 0 979 834 803 199 751 176 523 338 384 626 233 801 421 521 861 416 609 206 873 456 161 54 260 508 86 750 483 294 74 589 381 694 328 505 926 683 565 412 555 346 124 605 597 840 968 299 152 219 171 480 334 846 653 648 738 368 20 806 819 326 386 324 91 456 396 230 396 246
185 180 2 177 952 579 175 949 972 207 55 737 81 707 900 675 255 713 848 885 458 140 104 377 86 418 954 927 307 283 87 600 774 316 238 399 680 456 69 737 31 584 844 324 139 546 979 0 656 416 251 370 607 907 628 163 380 260 425 998 995 114 513 444 92 635 184 791 146 797 438 99 728 91 126 345 126 145 610 333 936 240 555 423 508 576 824 813 446 770 406 949 444 741 308 962 511 794 894 709 665 896 149 185 7 149 104 97 119 916 520 751 702 898 662
738 489 768 895 935 223 380 643 714 108 931 837 825 150 418 819 354 542 170 289 938 281 164 330 650 926 488 545 384 981 522 782 698 223 177 936 438 409 815 650 162 344 422 48 49 489 834 656 0 93 857 363 771 448 702 960 780 236 25 863 219 961 544 701 832 74 236 596 4 410 164 968 710 513 597 663 290 585 236 577 338 179 800 262 588 938 561 400 899 737 783 774 876 389 142 837 43 105 584 148 46 297 253 105 74 358 308 705 565 761 278 154 538 849 158
209 285 623 58 424 570 270 707 240 145 93 465 640 843 43 121 701 232 478 555 995 663 596 451 628 420 919 303 857 43 577 386 544 974 583 817 186 422 72 127 142 786 913 379 738 414 803 416 93 0 696 250 476 475 249 907 777 98 977 879 517 486 722 290 824 338 173 593 814 687 465 259 694 384 138 335 102 219 208 614 321 733 989 948 374 612 977 492 435 124 214 725 990 371 361 814 990 711 765 482 111 2 660 774 416 140 442 516 441 726 309 28 496 975 515
114 474 765 1 590 212 55 922 974 477 262 16 439 492 770 904 283 27 422 601 209 865 97 570 665 866 886 357 533 564 175 869 69 883 164 286 281 853 170 83 95 449 487 379 230 898 199 251 857 696 0 858 468 13 260 322 544 336 311 183 804 64 706 514 466 595 60 664 617 583 560 392 902 522 96 935 373 849 624 6 930 55 68 249 784 907 354 29 786 672 95 655 992 462 624 72 699 281 543 701 882 267 263 144 95 313 796 877 756 830 966 21 461 899 511
805 323 799 208 888 549 640 584 258 569 379 454 295 477 410 356 734 967 511 642 202 137 595 128 818 65 936 944 266 138 78 921 23 977 270 414 4 370 132 152 145 270 452 228 30 761 751 370 363 250 858 0 244 835 244 577 346 440 484 182 263 50 21 107 307 503 288 972 800 822 922 128 789 335 760 794 548 897 834 47 45 435 854 875 188 607 565 212 1 237 962 766 440 721 975 925 956 860 245 349 893 791 15 826 417 771 708 901 971 34 275 961 672 593 938
433 97 665 554 219 510 103 119 260 485 613 712 580 968 408 27 717 816 749 958 215 738 256 632 932 353 965 139 230 850 218 719 156 953 671 39 799 50 486 140 736 952 91 796 422 324 176 607 771 476 468 244 0 779 887 323 305 357 185 975 432 878 617 96 987 446 302 999 166 936 141 790 278 370 111 389 203 719 441 892 883 809 12 326 200 264 792 80 833 309 227 475 155 471 783 359 790 117 549 232 800 93 861 751 466 303 165 623 654 742 754 291 78 887 594
880 128 188 882 192 293 158 359 916 598 53 168 235 144 185 344 316 662 480 910 848 900 372 360 496 307 73 728 822 610 163 664 892 461 668 606 248 443 545 181 675 658 84 832 453 250 523 907 448 475 13 835 779 0 910 88 964 890 534 947 622 220 407 197 588 65 87 482 548 243 621 629 285 142 548 633 450 34 260 382 472 764 264 768 61 279 359 433 474 647 961 838 277 969 272 637 634 202 475 898 666 996 749 773 97 298 719 988 716 906 805 552 69 236 232
186 651 673 320 243 207 754 93 868 238 558 864 515 133 144 740 987 241 545 616 708 207 269 202 970 724 372 982 472 29 177 728 915 970 907 907 565 1 674 148 410 395 186 961 646 315 338 628 702 249 260 244 887 910 0 279 766 838 196 131 719 863 636 496 570 206 581 491 147 657 781 346 929 553 263 238 241 425 285 579 828 277 573 70 401 857 739 900 191 506 877 906 518 14 692 42 58 72 805 191 376 841 936 411 724 519 364 284 985 646 475 138 820 175 40
493 127 968 227 740 609 834 398 526 827 477 841 297 82 729 138 962 795 905 60 179 378 395 242 800 761 446 519 383 622 117 577 838 700 224 174 704 869 779 428 478 637 958 519 332 824 384 163 960 907 322 577 323 88 279 0 506 204 385 826 898 672 959 995 899 765 450 457 905 475 11 185 184 941 921 255 529 534 762 303 603 35 823 893 254 188 112 232 10 733 408 475 497 701 756 493 436 636 659 121 470 271 544 840 771 874 296 694 878 690 833 321 423 555 831
905 221 725 404 367 54 814 127 950 690 551 12 676 891 278 887 428 624 492 673 251 402 719 784 264 401 312 172 617 19 236 903 44 613 175 748 829 179 656 348 492 404 988 148 926 913 626 380 780 777 544 346 305 964 766 506 0 167 326 509 524 359 738 982 764 977 662 540 645 397 890 664 698 779 787 758 650 490 652 968 690 559 472 910 399 291 99 751 770 272 409 422 195 641 690 533 327 404 343 692 309 403 565 824 956 656 235 384 754 142 688 495 4 495 355
560 508 210 456 634 522 436 150 820 668 327 237 475 848 241 465 235 620 338 318 951 947 898 142 201 718 3 493 450 894 213 209 263 23 922 690 817 75 264 449 662 998 258 849 37 64 233 260 236 98 336 440 357 890 838 204 167 0 565 141 708 288 568 317 618 261 884 426 172 657 454 987 173 683 439 851 49 621 535 678 803 383 320 716 462 367 553 382 748 882 332 699 446 251 696 35 141 253 446 939 546 887 550 948 879 467 157 350 833 662 559 967 731 890 527
880 939 493 204 571 596 825 823 853 320 179 794 76 397 537 882 754 945 161 432 339 981 391 294 988 103 295 990 306 920 227 281 633 553 865 49 754 366 188 927 366 660 667 937 318 518 801 425 25 977 311 484 185 534 196 385 326 565 0 228 861 791 495 641 688 591 114 109 495 633 608 702 531 880 529 652 743 268 157 790 288 867 406 741 20 113 236 461 898 567 544 630 235 573 718 852 341 164 936 192 718 500 724 641 283 203 152 290 45 26 283 604 856 728 948
2 797 542 548 417 892 121 193 791 379 737 103 211 335 940 284 271 24 308 586 111 978 488 469 865 973 384 970 585 489 860 677 576 938 976 628 480 80 17 916 874 55 227 438 929 952 421 998 863 879 183 182 975 947 131 826 509 141 228 0 784 221 902 899 107 453 784 281 971 778 852 313 836 13 679 990 235 937 65 700 858 555 390 744 585 959 312 669 339 137 463 738 338 767 888 253 690 581 351 362 505 900 869 265 379 846 349 298 181 821 113 683 491 978 999
701 142 973 897 165 99 170 718 599 515 583 168 576 64 946 624 226 317 618 272 495 9 458 473 122 339 333 965 647 176 40 438 690 31 264 383 976 731 580 339 168 538 375 968 606 119 521 995 219 517 804 263 432 622 719 898 524 708 861 784 0 255 445 58 819 213 723 689 162 39 493 773 960 751 982 600 267 11 173 825 199 622 233 769 484 287 659 574 224 808 195 538 704 853 381 377 660 145 94 689 977 170 553 452 517 408 50 414 397 15 592 689 935 338 77
140 429 969 809 966 436 36 180 73 306 97 793 927 984 682 624 260 449 357 492 926 893 95 654 114 221 107 236 500 886 424 535 266 630 43 772 892 201 753 272 402 257 806 535 306 930 861 114 961 486 64 50 878 220 863 672 359 288 791 221 255 0 466 136 982 863 290 450 770 887 961 764 333 991 285 669 689 991 873 701 865 783 204 937 255 156 248 48 694 504 178 707 1000 954 711 789 782 271 458 686 951 389 915 513 591 785 536 196 68 582 747 486 441 875 982
213 890 222 13 28 639 165 172 407 53 916 794 33 535 879 462 102 987 282 91 251 848 476 279 894 670 754 269 512 87 796 290 186 353 572 431 53 226 731 973 752 7 972 839 78 469 416 513 544 722 706 21 617 407 636 959 738 568 495 902 445 466 0 773 539 786 212 33 775 451 471 287 682 157 291 174 422 658 115 102 712 154 886 593 651 320 818 462 21 159 635 785 321 58 484 602 120 227 304 393 145 60 817 702 418 202 999 275 817 981 189 607 940 817 10
974 562 657 750 291 889 945 764 930 722 808 661 607 281 517 289 633 632 401 653 867 970 467 703 487 151 461 370 513 360 231 322 612 212 895 84 44 223 56 794 550 871 232 752 751 543 609 444 701 290 514 107 96 197 496 995 982 317 641 899 58 136 773 0 417 513 176 242 244 156 189 211 716 717 742 560 769 822 748 574 271 782 730 179 427 283 150 654 531 747 283 263 502 839 59 752 64 379 970 429 677 468 360 427 872 522 935 588 78 457 580 735 416 27 534
646 757 779 770 786 35 310 85 933 608 538 553 175 493 825 755 524 297 487 645 273 194 321 272 260 231 14 215 917 552 565 695 462 708 583 47 649 591 903 861 318 574 346 176 785 612 206 92 832 824 466 307 987 588 570 899 764 618 688 107 819 982 539 417 0 863 584 924 587 597 455 180 282 317 11 211 182 59 310 536 310 315 547 143 918 658 496 97 755 69 678 243 628 472 574 835 430 147 80 911 783 323 764 675 420 336 879 949 104 24 148 913 909 9 857
897 69 497 966 200 978 105 948 901 160 772 445 747 798 790 558 109 818 6 474 219 606 741 52 419 213 942 137 854 768 905 435 617 589 794 137 56 580 326 907 89 374 626 15 200 809 873 635 74 338 595 503 446 65 206 765 977 261 591 453 213 863 786 513 863 0 795 46 937 857 67 161 106 519 813 384 692 325 775 980 980 440 71 465 98 67 409 475 745 640 667 912 468 195 402 506 846 639 431 139 699 359 700 527 992 888 554 253 534 622 711 341 935 958 272
388 456 868 329 92 839 856 204 662 711 837 621 561 988 93 559 368 481 624 279 463 523 654 760 911 728 326 59 166 880 524 10 547 43 167 530 309 313 95 234 261 318 767 7 654 218 456 184 236 173 60 288 302 87 581 450 662 884 114 784 723 290 212 176 584 795 0 650 799 595 932 759 318 694 850 547 783 766 469 846 876 564 742 712 4 497 151 784 975 10 909 735 839 883 323 534 32 97 181 503 250 439 745 391 347 804 814 987 241 425 812 857 909 529 418
78 37 14 931 862 707 731 89 432 895 459 509 622 997 594 280 109 221 750 738 392 144 769 138 277 21 960 122 558 684 186 27 323 548 155 711 377 163 531 37 521 837 277 447 912 298 161 791 596 593 664 972 999 482 491 457 540 426 109 281 689 450 33 242 924 46 650 0 6 62 566 291 259 984 626 239 997 282 817 915 63 795 57 587 745 596 209 695 238 291 759 218 468 40 962 34 531 687 491 990 422 636 579 972 612 201 515 400 90 611 402 779 91 858 495
19 409 361 120 929 60 180 712 61 411 743 131 550 729 869 804 473 499 28 79 38 156 853 741 268 508 641 218 327 280 372 185 221 761 850 696 724 557 961 390 689 582 8 48 99 27 54 146 4 814 617 800 166 548 147 905 645 172 495 971 162 770 775 244 587 937 799 6 0 765 535 290 79 824 520 721 56 602 909 443 2 905 307 192 772 327 862 189 502 611 14 122 888 495 170 788 955 555 290 291 590 992 36 419 553 822 912 55 730 564 328 109 805 943 778
76 311 107 265 470 330 709 813 154 329 17 31 968 976 393 328 309 933 844 798 879 983 492 600 564 750 585 508 376 958 562 824 305 171 218 658 24 605 742 332 802 533 517 366 407 286 260 797 410 687 583 822 936 243 657 475 397 657 633 778 39 887 451 156 597 857 595 62 765 0 97 412 444 241 498 756 475 789 335 391 131 670 538 736 324 757 157 993 999 455 372 615 222 499 692 197 942 835 305 322 366 808 909 111 647 29 675 659 265 951 556 1000 577 390 420
477 921 522 42 781 677 750 585 150 714 323 814 334 430 421 276 857 198 537 289 118 422 346 685 329 613 659 118 220 309 389 856 109 279 678 544 492 266 702 907 471 468 774 656 228 831 508 438 164 465 560 922 141 621 781 11 890 454 608 852 493 961 471 189 455 67 932 566 535 97 0 484 102 655 79 524 705 39 780 988 268 81 477 970 149 183 329 703 597 692 366 226 289 918 912 481 254 687 885 915 942 209 86 686 87 194 747 743 858 446 368 342 45 70 527
872 552 996 718 688 330 326 123 328 730 419 153 466 101 470 457 75 787 360 751 614 385 431 354 713 444 125 906 386 492 853 194 403 969 128 584 37 209 273 145 369 826 993 406 94 567 86 99 968 259 392 128 790 629 346 185 664 987 702 313 773 764 287 211 180 161 759 291 290 412 484 0 794 103 800 710 596 705 609 893 78 789 267 499 74 72 905 531 921 401 846 598 372 585 739 355 757 871 228 388 949 627 381 405 153 360 683 866 466 747 861 147 54 503 272
601 266 472 800 859 703 89 258 225 330 967 475 530 172 216 698 64 466 946 935 211 913 50 437 658 701 285 540 164 938 148 945 348 683 295 75 53 907 591 57 789 827 298 60 27 49 750 728 710 694 902 789 278 285 929 184 698 173 531 836 960 333 682 716 282 106 318 259 79 444 102 794 0 542 928 482 935 200 469 802 871 100 474 662 21 174 929 316 786 58 734 563 209 392 955 301 162 233 645 116 949 892 610 152 146 362 794 502 104 888 177 372 384 246 304
619 746 343 3 491 293 961 670 575 839 946 880 20 221 656 405 826 962 95 231 886 255 212 427 36 893 970 41 973 176 209 799 632 640 567 664 563 398 789 244 474 973 517 395 730 649 483 91 513 384 522 335 370 142 553 941 779 683 880 13 751 991 157 717 317 519 694 984 824 241 655 103 542 0 289 423 615 324 333 518 989 108 994 798 405 143 527 454 788 176 612 91 241 67 390 905 268 293 226 641 104 690 415 610 19 591 923 247 926 315 631 7 846 875 453
368 872 898 731 334 277 957 450 667 197 728 623 207 575 946 602 486 236 677 268 437 333 66 121 458 691 80 188 543 633 424 231 628 423 474 802 830 456 309 278 364 336 972 746 916 97 294 126 597 138 96 760 111 548 263 921 787 439 529 679 982 285 291 742 11 813 850 626 520 498 79 800 928 289 0 832 260 549 434 490 690 696 154 981 565 340 412 618 319 492 835 525 954 413 731 689 909 99 61 748 863 316 456 894 165 56 271 857 500 157 113 24 847 587 407
333 856 564 140 425 646 495 785 978 970 117 905 339 654 219 729 21 223 856 877 467 459 498 149 165 556 870 534 152 459 172 661 225 499 82 791 709 605 799 772 379 848 355 147 24 381 74 345 663 335 935 794 389 633 238 255 758 851 652 990 600 669 174 560 211 384 547 239 721 756 524 710 482 423 832 0 239 19 421 82 292 71 744 515 266 649 472 415 475 509 805 422 787 256 48 432 938 7 903 713 850 232 344 702 728 547 281 691 719 703 16 634 279 808 912
68 103 680 507 162 417 256 104 526 632 638 565 864 966 334 764 622 199 404 772 475 419 537 700 687 692 73 890 900 367 665 803 212 635 489 519 568 89 163 923 912 179 5 551 945 6 589 126 290 102 373 548 203 450 241 529 650 49 743 235 267 689 422 769 182 692 783 997 56 475 705 596 935 615 260 239 0 96 857 57 331 352 383 803 844 622 230 400 977 223 428 202 387 201 331 177 702 949 291 275 603 15 379 724 20 705 677 942 560 151 737 71 934 215 769
947 166 617 432 792 984 733 881 724 93 696 727 190 191 610 511 694 488 208 150 616 896 440 380 91 814 47 54 803 167 283 129 793 925 63 408 763 518 308 660 826 996 931 109 82 552 381 145 585 219 849 897 719 34 425 534 490 621 268 937 11 991 658 822 59 325 766 282 602 789 39 705 200 324 549 19 96 0 450 561 768 272 635 744 240 596 110 536 520 728 579 238 968 312 572 321 677 473 246 906 66 936 462 660 582 726 226 170 296 845 732 138 361 876 347
720 613 392 989 466 240 521 552 394 520 497 298 303 500 40 343 727 880 979 839 380 105 180 487 244 10 817 83 758 926 328 586 652 740 620 563 62 844 678 167 876 58 323 481 854 247 694 610 236 208 624 834 441 260 285 762 652 535 157 65 173 873 115 748 310 775 469 817 909 335 780 609 469 333 434 421 857 450 0 130 359 259 240 156 103 805 384 283 923 547 121 570 16 140 598 90 831 770 355 615 618 918 153 174 208 689 201 479 646 214 16 82 198 578 162
55 247 344 240 452 15 839 344 460 904 800 353 688 612 290 854 836 178 637 658 488 986 623 919 655 404 150 214 601 270 349 105 418 60 118 801 19 464 825 605 945 125 923 885 945 35 328 333 577 614 6 47 892 382 579 303 968 678 790 700 825 701 102 574 536 980 846 915 443 391 988 893 802 518 490 82 57 561 130 0 241 925 721 67 234 799 287 106 578 850 162 189 658 60 678 447 675 18 965 712 711 487 216 300 915 997 293 926 58 859 916 324 99 489 163
695 482 595 155 517 152 705 41 611 630 423 354 996 97 244 392 753 127 922 444 11 465 40 817 223 217 527 64 63 931 34 680 247 49 910 784 692 171 401 265 196 641 981 261 366 785 505 936 338 321 930 45 883 472 828 603 690 803 288 858 199 865 712 271 310 980 876 63 2 131 268 78 871 989 690 292 331 768 359 241 0 569 495 755 7 245 84 493 513 744 54 485 47 601 140 779 133 383 487 391 397 477 780 863 587 616 220 354 122 657 99 616 86 742 935
718 323 914 483 58 296 774 965 761 466 587 765 54 245 169 15 119 734 985 455 895 856 709 126 933 808 82 206 39 139 251 350 244 471 235 126 904 928 862 325 410 367 226 579 936 857 926 240 179 733 55 435 809 764 277 35 559 383 867 555 622 783 154 782 315 440 564 795 905 670 81 789 100 108 696 71 352 272 259 925 569 0 216 871 766 894 842 338 575 322 585 150 350 425 426 607 269 578 349 740 870 225 793 272 139 415 935 446 681 424 636 269 771 730 999
562 340 983 22 339 520 424 305 289 758 961 22 81 282 351 932 396 366 686 731 320 765 590 805 185 851 130 30 495 663 116 165 153 588 342 485 848 388 668 334 734 527 412 248 588 866 683 555 800 989 68 854 12 264 573 823 472 320 406 390 233 204 886 730 547 71 742 57 307 538 477 267 474 994 154 744 383 635 240 721 495 216 0 349 571 218 951 255 922 666 538 764 401 61 49 290 836 788 592 174 1 303 512 344 645 874 919 418 244 134 639 53 5 403 988
649 644 515 581 380 458 441 48 302 395 469 413 113 802 417 664 724 148 394 520 907 808 529 566 991 53 143 414 610 26 210 971 240 267 920 373 155 498 824 502 455 580 224 24 5 25 565 423 262 948 249 875 326 768 70 893 910 716 741 744 769 937 593 179 143 465 712 587 192 736 970 499 662 798 981 515 803 744 156 67 755 871 349 0 761 412 537 916 38 672 222 666 239 741 775 123 901 596 466 863 978 219 785 404 615 167 320 474 886 897 534 823 98 930 956
256 548 129 753 624 399 701 886 947 339 349 449 645 690 170 763 219 178 292 846 700 88 560 321 700 652 329 935 517 48 813 776 232 575 601 667 71 561 716 997 80 914 902 222 884 284 412 508 588 374 784 188 200 61 401 254 399 462 20 585 484 255 651 427 918 98 4 745 772 324 149 74 21 405 565 266 844 240 103 234 7 766 571 761 0 944 349 778 540 863 721 833 213 342 328 707 691 353 825 232 124 816 457 471 916 855 76 373 137 563 242 937 935 217 854
462 218 371 515 276 976 614 265 284 327 541 380 77 467 140 562 6 318 160 603 62 661 511 337 409 283 75 565 505 421 306 591 677 447 189 107 201 921 314 921 404 372 170 971 583 920 555 576 938 612 907 607 264 279 857 188 291 367 113 959 287 156 320 283 658 67 497 596 327 757 183 72 174 143 340 649 622 596 805 799 245 894 218 412 944 0 426 826 287 789 525 403 302 114 707 979 716 326 38 542 45 107 852 5 751 699 522 593 933 118 135 700 955 232 961
296 62 29 787 35 122 222 58 132 713 40 475 239 820 428 411 476 291 829 741 588 22 130 366 331 591 216 376 93 571 448 750 659 924 378 937 33 528 845 949 921 850 844 878 24 559 346 824 561 977 354 565 792 359 739 112 99 553 236 312 659 248 818 150 496 409 151 209 862 157 329 905 929 527 412 472 230 110 384 287 84 842 951 537 349 426 0 496 485 834 436 724 370 121 49 786 751 476 448 550 532 888 523 771 687 283 424 265 143 605 857 664 393 208 490
912 402 280 226 329 622 755 617 676 787 714 249 677 430 764 781 47 508 968 21 610 260 703 677 473 407 305 827 573 742 813 612 752 719 147 56 733 79 24 136 631 460 825 98 568 526 124 813 400 492 29 212 80 433 900 232 751 382 461 669 574 48 462 654 97 475 784 695 189 993 703 531 316 454 618 415 400 536 283 106 493 338 255 916 778 826 496 0 170 152 435 984 555 614 219 837 580 560 472 590 831 949 441 128 267 887 973 508 373 62 218 168 930 78 817
156 34 73 264 584 627 720 168 892 591 720 775 931 308 709 668 905 184 429 830 888 902 887 557 227 562 580 807 31 923 410 581 471 218 873 821 771 57 482 143 918 545 935 237 684 956 605 446 899 435 786 1 833 474 191 10 770 748 898 339 224 694 21 531 755 745 975 238 502 999 597 921 786 788 319 475 977 520 923 578 513 575 922 38 540 287 485 170 0 115 947 303 859 63 536 39 633 591 655 875 924 743 369 372 321 380 193 155 571 211 22 518 698 882 261
