220
0 154790186 816945465 492356879 425095241 412833653 87979923 632698505 567713212 615080363 216737790 648065152 565594360 39011126 89290839 388785942 853456654 992721322 622881847 899144559 849170618 260546883 246657404 260529834 832257178 582358576 538409250 978580094 245609501 181215738 956552971 233380004 570493043 216151177 97336294 818421366 857300263 902600368 11743206 155568841 473942085 971907980 254074140 4291187 472955258 473102465 38446839 620790775 643507932 288450991 121898338 493606340 826864367 750125031 994864364 601048387 990980528 700697734 385769503 972752346 436224908 565643267 58810757 460998287 738561875 35240756 867780866 541480751 819977052 924436823 325670431 266600064 3393142 60793805 515777908 314254059 651913235 535534334 30303722 229908629 742684837 204916951 28620467 772151279 416589225 722493154 692447801 499017682 747509279 100156282 137062998 747353160 280461153 469190713 663232735 749099852 597878680 434217877 748561271 37736909 534216372 791995155 371112669 844440982 464764702 230105118 370155471 632750050 210033173 350211606 139731426 477840924 655740329 321327825 524248641 873501690 314792321 179200115 704785679 101394731 218804597 676030552 214966596 760523191 20953844 753650545 994382696 112275164 649329623 140446562 225763058 89389587 707800899 215150136 763621680 120125423 168223693 24821397 722022163 268092371 656878306 812030735 80434355 486916291 716283783 244462086 888176749 696547020 265017108 220598333 495664455 253442102 33209359 880954584 938113318 3082910 481825605 462256798 828586055 372338774 131393838 29987519 932205692 574873340 270136304 836576582 467136684 782649358 989629037 693242909 408973181 765451196 142411981 67807342 315365367 940199149 801512183 518993693 49042530 7280273 737591842 927050875 694327273 410993597 688154266 451010293 487840827 716002356 154529503 489428207 65550592 890920992 409102101 596792217 933895359 459560003 308474016 355524423 769041993 167729814 25653607 390540967 349987862 916694874 128001618 925417427 753513153 432764259 922918491 27629002 42259870 153190312 461912639 428190437 168754878 657007394 256204171 113537527 825791536 266761802
154790186 0 767909526 931715667 513938179 451573389 75542125 504505952 152981168 942454484 778374100 419679853 886450672 473449242 517109010 928540746 407033284 49518063 587381887 278844231 727372619 421869131 641803407 113515988 652088639 348138937 770612381 40125181 68324882 85560785 589174112 190788437 658569004 191216260 441886544 746690445 913357507 622344719 209801244 30043945 538354586 192289050 615367947 240172599 11782710 25275404 63989541 573475851 233694661 431115165 518493895 850684527 68099538 265426509 794857281 118078287 180988179 544334580 832371924 296028609 940387248 124585337 877207977 864846520 786111543 921076312 104836489 406045026 680675468 114951007 861886452 485136551 480456547 532154420 931903568 583972181 638712487 426851319 336537265 395651657 561156233 358429481 220963535 280585713 80213631 446111242 320278316 121193209 191199504 493006564 71455098 405421310 27297141 994465070 130150119 312332619 81240034 115950126 545509070 883540620 625891744 936938462 554707579 959569579 900126715 958575406 715449080 916533599 18793012 268152107 154804862 724467240 661296010 84467748 13940260 909342595 185057373 15022870 264638542 470629557 696193899 824409510 30853477 501900476 144120659 572874078 564197435 142781610 343414583 449893630 131219309 98926014 548377361 579290562 927733210 146240123 859585820 499379927 812943099 159101349 454978317 57226607 668251372 268525829 993589090 546168846 264513667 731365642 707702469 721112487 147789380 395130411 527070963 828986319 575258452 22638935 17846964 282427046 363810570 319728591 710912961 818811994 772129541 860349832 940243454 419868608 473831261 896111639 358934426 813979917 719879889 113489317 482170585 841395038 72696737 456163107 980591637 438088586 356231039 851540413 111636703 235207745 937906022 603915168 200568619 685312724 398810023 816063111 857967937 170170395 734450626 6406536 98623107 666906675 269672519 859827110 24227158 136954687 538155443 423020954 274841176 354630985 28298940 675504789 547266545 548374361 233158255 98784243 966302885 683732218 773245139 124043895 341705934 438101046 243009481 174801816 627043916 544653499 382846276 581834895
816945465 767909526 0 76573654 21115187 344500553 822828478 118194951 219076938 59863969 879576546 485333068 820833636 885503978 140999827 337388092 251087733 588076557 630010899 936330898 572362586 378724480 904877627 694001758 867253874 543264665 326445883 306636452 937081224 560361972 665899321 994961970 214527673 819593571 865381222 582542456 654303316 977192264 171464690 494585191 313960465 189426455 360304713 843526050 860592467 200289030 686541095 855858245 818650835 91244430 494975961 594533174 665561059 168100903 198968655 564881266 352144257 297564727 193133296 609795409 469017724 623083676 42695294 95267224 522546823 451938791 957885322 814691627 151085212 891622317 682476488 205923795 95046922 564168888 50359865 259411288 98688342 594821720 433339151 532741036 971917371 522974395 46773390 657380121 244700488 139058282 773330255 675974694 744195080 706121265 890530518 68264798 587357744 838836682 443522225 769525866 919330872 262136805 747843896 609584196 239643245 888825301 475538594 277863504 499041366 721984094 471852986 968443939 654069781 797017367 131940523 4297323 469210214 341810925 924760381 68082048 824956818 802648890 962540054 230955975 360322272 602211235 336035155 766013467 969336057 477527724 682677187 75060635 364100808 25664861 230536234 70586652 332860335 229500379 129419143 358867167 852595025 99610222 643576965 520321113 7509927 152564968 577687403 871528153 282619871 226192497 872404468 249368415 227887713 108014290 787200476 845598072 151772703 372547803 795215233 296010996 435384593 64333622 65705213 680498848 892923 932565422 130525911 388097236 397259914 165136682 390333719 214008618 736177639 456052817 650385257 714248917 213199142 577875656 793885215 804831877 716469805 726049077 192609251 114435068 285300602 508606771 42677401 703167934 967370727 937402366 40882402 616407117 873389399 826209422 235171130 377334076 117389590 821257529 54322506 923126718 823728958 198836486 234353547 99661569 552850130 527393408 674591142 662469588 314733519 823021691 600709314 37210313 391396254 764599211 822972421 828846754 31846737 565205984 8049090 71094177 104817297 547286896 686654390 616360958
492356879 931715667 76573654 0 919931045 758646525 85840843 669293267 298147658 64639760 280755129 148283535 223841963 446466743 77067136 465229752 73311647 527890674 189383020 509937660 874220136 27166806 755484410 291056858 450223031 778729320 824279931 142904989 72275221 119988082 774677321 803301786 280028549 849914887 295152275 26320550 8626088 699390606 653690791 637924265 780164935 578680478 652317091 235063133 561640027 525050355 969738642 692767270 949361955 466512027 108683584 173666819 466818444 487090534 445296128 167173998 736877621 484322484 743108828 718535535 789946166 303550049 363293499 50095733 115494970 284154627 406365049 92829593 76512865 58493376 561089788 264978506 567641856 656977392 460755706 778906445 711166326 62866623 124983948 920091382 783380973 530488337 243185104 268571569 259765025 661981750 112505885 116091951 746628690 672672338 369905695 237981919 368326832 830772761 843963269 69119332 144921226 347873865 962731146 257484673 107845464 535144432 280259476 884399009 762197229 144484719 229094319 896702652 653143641 680952721 949775163 104155414 477818754 376146046 910474917 434852807 559152265 869850411 133930021 293297920 285597196 143152897 758199511 124023262 599119247 14918091 571800222 246256690 337819362 391987205 571808234 443986116 437632977 366050996 695606726 388240448 842272372 978327147 691363064 758106776 292275766 887734164 223949419 435628495 718404559 776149950 950320864 185700591 895378021 457349118 220495310 801143320 255467850 543647617 379030158 155986129 683102132 53900177 74753423 919232480 703880178 796998948 504123032 608762231 857070125 57810128 961115626 142899942 950637882 78629725 925117471 725834301 622151159 397424567 446330252 531949141 275501458 756486066 936643114 591022557 983054225 772238360 566396878 104365281 856353439 493986442 752435604 835013407 324047989 766863963 843442981 891194666 563313328 565136022 369130490 278227219 524093980 36057484 464540479 200921587 198393203 309556588 796365672 155706348 238115674 789764796 115133924 674646085 999868283 759691616 52728646 494738703 580619000 688745651 856193189 764319078 944409888 961015567 891470824 785066068
425095241 513938179 21115187 919931045 0 887864824 220774057 737283413 877644741 851785104 870408672 538335243 403265 395156417 508446104 358096476 981488887 49684374 686602647 650809782 551313649 378943873 667347052 764059377 743814299 759782454 37253233 845090737 60040635 661529603 788239609 627782487 899185131 22321240 763880504 670868301 754144939 757057829 93351419 436397309 406161272 651328439 553487363 514301669 812706623 323486610 88230921 598781912 508186626 321482936 319606004 540525907 135589464 673402959 344268634 257082478 662949149 571309271 834236099 721770293 446071397 103045304 382974414 752942260 966603804 106504990 672339991 18346202 944874466 499227131 30621880 355022483 117579114 163419218 713797706 282158982 803329023 222377599 731040209 205124594 791515664 93725050 760270819 81310257 588856946 8456675 454104838 677938147 366596188 202097944 55462693 202755619 980277215 457647129 201394097 510397760 712152859 128889119 16602930 665881154 631994340 28228102 686231259 121683694 801471945 182123535 337695861 873382216 98192025 897509079 33335445 200266989 19682397 369000463 654285480 46189319 520184493 892718112 732880972 889488379 487093798 905217289 179574914 777445146 254772886 802400104 354828415 357337804 5440663 296782447 641477559 960114842 927712168 73173931 179009301 88633188 716677616 431231545 462810014 883982837 112791043 26072887 625376988 411261208 227583385 393137471 245987037 329284257 221671718 234294384 101048504 36346625 667747811 373816500 729405057 457186611 272402738 776327504 399806909 299479472 962839925 616866738 200323191 470758033 794620391 742963151 549227727 569493114 815214338 323291138 114828047 618522249 802353928 966904171 154439020 654241512 714362029 422708687 675332127 798164682 23111722 463182320 624520292 650394302 571477618 150842679 982417910 769871089 326216770 852162105 474320001 116260541 31594554 819101998 376277479 63290802 466119016 826465367 82113403 45982934 335366677 776684271 729207724 349224706 385145975 133024206 920335943 18245025 642840123 850896814 594354247 145195260 426734390 336989781 518238133 792256122 736923262 33075847 633396640 189829700
412833653 451573389 344500553 758646525 887864824 0 394809653 92538295 341151339 667913307 280143517 40046158 442421058 170102764 53495509 557494357 432678965 721733262 869578814 609733519 927644128 739065510 953193584 521959265 322307672 475384256 760272708 790113900 761446187 252742589 638943042 675501691 870067377 194059868 232391485 947647288 548388647 486889999 336862595 30749168 698608605 188739292 989494025 994672242 559548181 844211920 177612203 424102571 84909284 91875030 940502669 743635819 440185963 569284190 448612774 759986789 569219397 717050528 335522656 939294958 573572061 331128392 203268886 725820699 735295201 735265502 379447331 150845119 73349972 223266112 785888007 187897016 933243773 155562271 634098404 786928349 451809268 175874237 565199563 728601559 765232008 522276691 913125879 904052008 38103165 112700717 389588933 502422372 497136683 429563534 149433151 195932523 769528937 421552871 84167058 959834130 950904455 766169644 871433202 218271337 617628485 29811488 586123462 412220332 465631614 532960499 703367265 270574295 358152749 743796622 119110886 848512552 760342799 824995441 709800190 379995674 539451487 579881925 110925569 213450346 922583766 655470130 861568739 704838020 813369125 980881239 389671916 782940935 642350592 906714897 134538039 557179410 275147160 623290956 81535113 945406454 303109128 997449845 317549558 185025961 721958517 452652120 159407095 72639576 741299524 349709331 217833014 817686098 317852024 668954979 200017511 48103185 302998673 129814824 357001847 350341391 862214566 239634905 680785425 554992569 515203633 603163133 903718164 639259583 474848489 270788661 609603684 790907591 56239389 858219544 831213445 409188934 207252735 520130364 207907934 668037555 60371626 350684341 380004268 777884326 238900372 466885875 777400868 527054048 746069255 621320963 690893166 720364695 526915246 825719601 349880315 207820373 622534278 96649767 930791288 8362885 477079691 408505265 401397501 768872959 990638287 566831409 601348209 37465563 245360927 215385821 542162895 781438869 91725282 123140793 560104587 148867652 586316361 806794152 228391699 861877321 524556327 158677929 876195993 946276844
87979923 75542125 822828478 85840843 220774057 394809653 0 261804040 992305420 677875374 947670361 71518605 851084099 493660634 428805799 477286825 857358509 158109519 524792448 874420098 220520559 56084026 588087331 347888534 449334688 798158377 337908634 574571154 38497339 274221434 152465413 901870549 945844678 453500429 331182658 501390414 328124843 136038026 789663635 554388507 35134656 868219776 155527626 50945352 767216400 363744383 313779753 511599877 862055612 877574013 450524959 399656858 923124923 736227255 752076552 689965181 206570434 778944318 8196144 717177266 156500386 886705903 333240112 564383860 188740629 995436519 826893059 208717627 151249140 648407961 803845023 791594666 288050091 771563879 475216952 638022002 336638557 875281476 381076338 605125225 224330001 969124906 667738298 771792837 945523426 222939048 844288811 976171275 487601109 427478127 56444119 84733762 893475997 908520465 59586117 696973098 794664894 124386083 574914381 714323200 582753615 492826181 414889712 74260524 442550966 268434384 940672376 214031355 727731450 50163875 568016846 284482681 578213086 9187697 485206567 512533892 791156987 832342739 940609681 681299196 874525529 972492288 724367453 503791578 769317799 394696928 141931932 141683378 459981208 106497740 344059678 611242806 701001384 372241411 338941573 811961559 102096172 683212105 740006369 725574233 396162864 305320483 696870036 401226270 309048949 24110487 117079728 942647327 713383630 466195776 666294822 801205651 125888276 84819377 764212408 994673330 174359242 986580490 907018449 520197517 937058750 536153623 907590727 248676381 112530693 321252685 726086329 700748740 408644259 457483970 35757669 892595364 32330484 847938385 757576541 312050896 217475101 506524590 858567205 202098713 346482978 882272275 600392854 465592690 805404739 776529521 701783869 994176401 740358427 737380570 723337162 780583530 524506851 758719126 825958021 390078225 934142755 923236647 344544836 664324239 729100430 652254940 839105563 666157340 259689208 273721861 632097154 102155742 349536172 92394596 755200760 291066283 97391084 73633110 927990404 70130104 362718267 427799064 482301114 499955394
632698505 504505952 118194951 669293267 737283413 92538295 261804040 0 504409501 382650570 562676397 822054638 896441240 162937857 246834139 152878174 880120710 39806606 874186902 929503229 148378795 734594802 801383156 443904925 292164080 804435259 326768154 32445424 56267950 382047193 427202906 175235661 381345799 135215524 219212011 777616219 708421380 472143667 328824557 670599664 808083377 424900940 349549028 844920884 44836033 743367825 447583009 644032698 363977967 699842194 859366713 455512110 116246176 453423367 740094337 897236466 617346510 550588161 957878805 480029703 40276301 581527118 405175923 20453995 369390088 733733056 973222271 433198716 142432319 489857454 825672574 154364828 910226221 452493839 662599304 560271511 52187590 254265471 981544911 383826369 352405056 353258458 524997140 748301175 371742671 709918735 115282019 236295861 546109492 17623480 96999102 863963103 944806204 270713736 737869844 730755091 753149218 326657165 262373913 368278089 871161355 86051700 631901654 418689325 373394368 569404074 794770768 139847946 330682381 295710409 430648360 745707080 716761910 802575876 205098256 75873200 862393738 529655719 735349099 217549608 859360245 243470517 842619071 289739612 609579057 115908094 799925664 784936459 777099346 126433499 500645406 150780221 956055934 897041524 226135077 596255034 444260592 312418805 948287241 618199750 468872514 375636965 305115861 710780137 453950157 927587087 270322022 563580408 246341828 926436819 18198367 450678595 569300956 697104208 703110207 939385880 175841297 854456074 114019068 155025983 500351875 690150974 52126947 528436812 768713016 145967037 347144170 97031791 785189020 1429322 935591192 561053131 390565121 478542863 454978557 749826986 870024075 771424481 928115521 661399083 755158834 725095418 342517168 850614268 352148136 334941791 382477666 127018523 805038663 694960347 323949181 833979798 354244478 483166701 742654511 435030588 877781209 85971839 318059791 460380171 325760428 37290322 608698164 95518486 109959096 222168203 118114719 234244117 921771667 222791465 951045939 439540093 205515682 445916127 644399661 945997401 706254194 763175427 737542474 136688883
567713212 152981168 219076938 298147658 877644741 341151339 992305420 504409501 0 716973206 575634071 72528604 193870132 888876276 103029565 135085384 283204335 508246850 460676742 967022392 667335611 407709831 851932499 412198093 409103036 617441504 371546884 807668470 788972675 553863689 166332193 844434177 638186245 984565756 588601964 829020517 800909354 251567454 503030445 928739598 149246909 524579870 89945046 803119511 701544021 81274845 74286264 202262058 684490878 494344561 78721841 364346020 930117490 488418938 376277916 346567323 365614595 310136458 880029181 639071378 763956711 622819207 95137065 175768703 589611157 864126409 259164243 658506397 390465348 258342277 85918929 876651169 751543032 259708934 917254336 998301621 5856401 67768543 92280218 178602956 355173880 450813388 610351764 63909764 704639407 893035508 487047198 108946773 180833297 951208495 173239167 909090689 119293104 656365660 94857733 382726768 613626404 784140607 613279106 440127811 13484803 758305173 284467902 641185321 577560017 669015075 787258646 368997720 839266358 604226978 600793891 986009415 782042005 943620780 862921448 550527011 481999868 700185814 265009408 624073715 219600499 399300983 470430516 443376132 9579196 701110358 138303005 679607267 513617292 366693596 823793226 837900901 86547661 632392531 261150992 829691002 233479423 323740904 511266641 385667969 128432692 624265259 128252799 540654480 333024562 919738658 742677601 48787898 560461756 684862277 571889798 357316934 205302066 455399537 44915351 587641268 94927010 512843802 71720070 76519383 309819781 849973865 604938474 482260624 250524829 91721697 884480837 358173445 368530694 297932169 668839017 117005493 518522206 811718994 104756134 599507377 582696671 359098793 216148964 33940776 845814289 26237870 798316214 461168393 340006927 983483804 660807639 225472387 890263581 338555130 401516373 321363720 109599261 787286911 74571292 334840830 7393596 196750935 270795292 582113581 814392021 164709500 107046898 254304866 68316873 74175064 212770574 652930195 79228274 933596900 938389690 428007483 374684953 559634445 336992585 876928270 989542048 585231132 514223550 646805343
615080363 942454484 59863969 64639760 851785104 667913307 677875374 382650570 716973206 0 443864630 424890597 224463877 659345278 215867286 949091031 277288270 287217558 433499937 31916659 872784981 730906213 155288130 117711978 340990235 220776059 268091483 37696140 449321250 310306828 185252189 805951251 225895228 484981731 373015237 836544449 638208678 972573008 342457060 262598010 985201443 765689748 860357764 507439547 969901335 922897315 248019536 812068970 435927595 610707075 105618627 770818123 111575751 611917083 370239129 81017327 78960422 179111064 42617036 557209304 358677428 589397997 167110330 168709790 101001898 17506100 108099779 850156849 515291362 121170613 888442124 652934862 268926418 458688223 720248714 264892637 243824884 965507800 111007586 262034607 848740345 330844322 387030188 76719385 242629588 652137269 191250481 427036513 493760477 115057800 76037304 492015410 820365004 247372429 517613322 238850176 142816023 279659782 6560527 109185237 941392176 359643319 297033314 748023739 905632540 156252994 472245934 152473848 131529574 802069619 333297140 249568857 824936916 692837669 506675880 550773882 202654376 293680276 694086830 857037065 402426817 827176620 580494656 959702868 986980419 226922059 988666845 834609228 911921100 3587347 299996443 408653177 849480889 555296007 337178159 558760016 874665900 646345774 662478525 419472325 16511491 739262652 187793981 698063398 122639550 198480922 502138225 193732454 527660227 565298184 281923289 119250381 754861391 622037530 253243378 507483534 243634064 535194420 275399241 821517898 619251148 656501005 264015453 587672869 645899398 274418305 687960473 634825665 140285831 769939688 211134669 787516933 365717662 18238409 25510991 483900592 72544622 181409631 196805756 629824161 698719183 978901725 958386014 723567667 46079123 650613873 358637317 640460988 7285365 123436714 300727267 9290492 493702482 11548352 124374880 767071746 81575324 617941026 629520139 930463471 507269414 273188258 144464720 339146404 766745713 452588941 951742293 410360641 209150223 979408157 233282129 388759876 487435091 892346538 347551348 202280122 912407558 74256869 978015562 162439461
216737790 778374100 879576546 280755129 870408672 280143517 947670361 562676397 575634071 443864630 0 443674476 805770690 909279695 107704046 398615222 425034700 232642266 287628426 757690544 535259342 121098676 34018420 825841221 634838387 496597714 471319849 173948426 456792334 780286330 423358915 422710379 488748128 774633470 497811302 930331333 481956063 845748665 53045487 803417857 914725954 264917715 547812143 931640938 464055428 790533036 108308157 828419369 214783695 90555520 477116627 225508002 940287738 189838806 466874438 326285347 489773353 495750569 134560568 531172345 850303946 300072527 892838162 935715310 562632387 68288876 127788702 785042511 312718016 998825749 149264792 721244260 678645839 45824798 60009792 319245037 183807483 487114214 60126312 311735678 259738869 330218703 295363702 926731259 270342092 479851201 484895909 640776866 217976815 145246861 722110683 334476130 347605719 211988077 197635703 832566819 653163069 322736203 536938652 346494466 261943472 810727898 171491497 961955707 482967920 717232675 615029499 421878574 155510229 106605899 126886932 339112866 764311488 813555450 878519467 575128245 851584874 75501688 980677752 491726410 937332518 678300998 253426363 882721591 232792722 482583934 197912847 850444076 686466253 207937183 804717109 89331584 579761514 296027422 890453303 816837778 956293042 320121816 808143500 682789428 741404081 831995896 746106516 204502244 433817836 133892702 862768450 520724098 666687173 240122299 604832651 397968463 569581470 273579398 933580331 883563002 797446849 756986386 351701573 274159812 207879342 315992909 484556598 427281542 630134445 434854320 352588380 789217819 736694409 69962765 903292196 620418154 367689589 125881042 349767791 53257012 879757101 714968318 33454270 863397033 789958543 574306208 492892827 322502189 714489712 63114425 723456785 477642523 634239816 418753994 404768136 195500229 641853452 765890161 224118923 57226880 815917714 120031063 830126224 18569144 638401707 904683465 364346638 927265203 98807111 247329250 909889544 387096746 420978537 38256875 879343069 144175492 630795434 964796114 787357866 935395494 490293795 554389834 425960268 480192051
648065152 419679853 485333068 148283535 538335243 40046158 71518605 822054638 72528604 424890597 443674476 0 809840659 914377929 238233771 215314273 246206073 734662792 166205942 318637579 507614484 658784215 764156827 967072528 845522195 274820169 733602430 574061081 141830435 549602643 474105305 834916764 917420017 801741252 851735314 672050319 884928576 603186414 811395257 740475350 542777970 318033790 643037195 414086412 194864199 337860093 627284409 921184794 545079560 613628241 588512145 779573819 436085135 544028030 73468273 641133837 367937050 286394429 952741151 829341395 963090121 272819238 103998926 114590944 2928273 783010743 840776656 497195860 817579953 733458116 13991153 252529202 944617542 665676944 469620873 535177102 75575116 220524905 925814402 861631630 726334324 275703491 587830783 468070387 892942896 13731639 482542685 642695445 824557302 703633055 485066093 721157065 564723514 194269184 476043673 935892309 570352117 90714451 605154756 65144336 526385849 701940492 293828518 708965429 409428192 992436651 898852366 494569007 2110517 212592909 766986698 657392193 383488882 340194876 594857448 784208219 878911657 65921939 601774997 262007225 162999986 645873576 140141380 851757194 726992888 963080349 116771078 880008729 717925334 597466129 334140660 398462750 786194457 871190708 407439381 228596236 455967145 841917051 324450503 202983010 841841684 634353436 678099302 747782728 241152869 768244953 558892622 509019391 57691265 674779430 229388841 213413652 108661470 978294615 465691609 813217856 473623535 206842064 786143307 581773508 422105686 925914085 69309166 556673642 408301861 274523529 515329356 805272749 687748893 414401021 121932007 439724104 352218316 764686809 305656569 232819725 701365906 441395620 578446735 764551284 943698279 293794940 600493182 55210679 391577042 401865319 197769258 49985059 139837820 366209839 934016185 240445418 857396599 553703596 489985888 675656704 411708192 39931685 453888722 525181562 97346222 191068021 898520538 685765160 281990969 986762425 721539927 378262459 669894020 205069628 743802763 319704105 52081654 780467731 483998918 498221688 968672898 103924584 438664225 412616899
565594360 886450672 820833636 223841963 403265 442421058 851084099 896441240 193870132 224463877 805770690 809840659 0 711599689 163500381 103899062 190982337 564316953 63612139 62764218 915491018 885560810 27841813 429936410 301877784 933607747 260476183 862346134 405635584 664167181 841916958 321842310 120361127 219924823 903877656 36022703 414597043 556675779 911315423 946438483 830282264 77231975 972666674 639016131 123087132 281682432 691667576 47650286 747991083 678349262 166303520 27890826 21491335 397331093 940220209 635974696 415906539 60014645 804356169 294123689 306541223 835195751 624303408 402210583 788940855 159544902 842751387 351776596 467500576 261189688 375533876 357163726 222781879 177017518 533777856 995374608 123867087 935052422 814162804 897357357 394294137 323321959 585147206 424923247 410538834 70158339 926577534 82074014 841434043 501005007 334639558 475098337 535752477 863040593 386766043 251432882 997096896 474041859 860801462 358702372 685175473 672975576 988917182 590097742 291948467 880925962 977109661 149668151 562979036 484192803 264003908 355923091 35401565 958311203 323774258 765328922 66026378 766960524 588393424 555565846 723138607 929057894 85663926 499773775 688809225 285265710 535472106 677046373 827175205 103572287 388403536 376204561 40709440 609700574 755697681 160002295 490337972 50054492 430687464 357487414 929158838 848814102 140299629 44133436 652336343 830603119 51043383 927077988 162969511 102030309 781666465 966656957 30092786 394733973 508275675 10136007 874857893 172790076 647314248 317915154 422643632 391986557 747638991 962758835 584689667 283012739 686139879 773046700 19421020 724052093 142489970 23362526 491582795 200299073 904120880 869249547 790946621 219369419 226383877 840227643 508342373 884357324 239714729 590558714 832928222 703837433 926574115 597610576 178909844 33884499 457422059 445892110 187696171 645666193 728281474 661504262 323473149 799422599 173828149 222431685 497887402 335865647 727310483 302024325 823728361 494703647 642472582 985159445 792460955 723092236 650533334 489207436 693810860 385193065 610843372 832830852 420513448 814682210 337456132 115739385
39011126 473449242 885503978 446466743 395156417 170102764 493660634 162937857 888876276 659345278 909279695 914377929 711599689 0 23088025 278847347 578387908 218119781 260050276 374298647 153949962 242319721 326163455 696721304 392403813 930943920 509004213 649694073 169810194 594450643 84031241 563345039 391647769 599863248 419617375 548722213 387142019 343865179 720433929 609103699 519928991 362834822 941281116 771104880 458178077 976885979 32904477 106451554 583564626 772674804 564289205 373791564 820292767 100267974 170955334 583615061 231033841 996037963 758228786 493226727 691789448 724840370 111415191 849149825 980963914 790397855 91855617 723504499 19402452 484309525 405734678 538351119 64939199 461397118 14453058 781082988 698707823 163794382 694697307 762242785 321179591 124732649 856660404 404632476 3878529 710444137 884001837 233939075 879649940 35222219 847204659 37996023 507586898 838379256 597236199 241423997 317713929 177544195 634733306 473308819 729693639 684605784 333691686 271557467 482510222 683409573 235085378 386630287 231910036 533908299 245101459 160362046 868989856 170256253 567397583 8322092 621112645 825189581 14930818 256320880 941013843 634305200 273282555 98198061 164497784 79126107 117650630 978386647 430848220 134748958 292770778 913252507 489442702 988248201 712299625 632001990 307137675 372472256 357721288 323485401 249403864 452766767 981348962 352498717 262378930 484047468 706567255 807712037 784885532 78764841 173997305 265027090 514762084 734541415 212425235 794986899 737811856 502751594 448592960 499223291 422621431 569561672 906903148 659973454 239915787 292745034 531809706 904624667 765381692 409834343 760728643 915586021 385403902 63119200 222852011 249501057 647565247 893917512 711340809 120294924 83975441 448611985 936170242 187226044 58503327 361504796 25364672 178866287 405360620 973866475 724548934 801123335 927427674 644930604 692243898 45641775 180150103 950240242 989914096 251189174 219345546 722184722 417164246 45119152 381315050 835776731 782005766 430086691 934586185 728572239 615916481 384049907 148512264 582212222 784196521 175558780 747733743 582501283 875658318 973790173
89290839 517109010 140999827 77067136 508446104 53495509 428805799 246834139 103029565 215867286 107704046 238233771 163500381 23088025 0 437527535 956794599 121191147 673015494 563180988 20353754 580922420 236974257 768567209 609132064 974135760 581641208 720711867 539402757 135652347 965268772 712534738 781800541 750852941 321780082 72963134 757377564 499001656 895855726 47237265 845185828 65791682 650005341 37575189 648022128 41971405 338630555 314603514 115590838 247991941 897848873 294277821 911486716 201519947 617322905 522549744 500815928 677107366 456963500 529836762 724244928 646560308 572423679 258427021 115230966 421836736 549366572 666741197 602036351 225454690 263386978 163122000 531496215 429205418 508209703 290668478 544855508 263857087 322162318 905553813 439470583 494351356 149740489 468768224 170798506 677702732 707500839 795390713 797827918 423329931 16471167 864353835 642993229 286035056 70142867 481574904 803167349 645123604 706690360 208014509 628736643 763457927 949683934 912127516 350530318 929340188 920724208 651168110 236971038 948291662 90784017 397801318 657861557 211389126 583303699 987526366 648487752 932574176 17088006 810384490 221978846 393431070 582446738 392002996 337159007 121035257 364183366 486169136 611718707 175772704 300475449 866401613 670929563 525063475 873939445 584901457 673783847 783042197 835306371 646822142 608970155 469503843 580444764 754552791 878682653 628475194 425612652 513690904 96918868 264005148 107323813 204454655 353374553 122656607 95457086 756133242 858175895 10955646 157280571 427700053 46196910 796694949 10760560 7939519 997897590 266960201 226353186 348173208 395964470 448596283 28447046 480169932 492083987 485022209 385026416 646403361 414783786 612663673 972161287 575257658 483723835 244829224 472805711 674705515 775609792 781143155 337107466 227164754 329373603 66477770 802114586 729827724 27684285 505557097 863440610 927752967 328652058 179575506 78303418 804034048 765725950 628622102 776431239 228278785 313318854 885809415 779831041 102761758 729792369 268090201 816630217 31522367 655216206 881072302 533677460 259738070 977187830 86211668 149896493 699008447
388785942 928540746 337388092 465229752 358096476 557494357 477286825 152878174 135085384 949091031 398615222 215314273 103899062 278847347 437527535 0 632958969 625474878 341916812 329456194 508360975 754237839 244726859 711517531 155156632 365953610 912388094 936752912 384609807 147874621 500819757 161534057 423590857 502489790 837821841 363089748 374399907 214576343 962177284 419532046 530885195 561896715 795550141 341541866 597430327 673395422 111392605 321800284 950979717 425657754 66703526 238417719 72301867 994200822 392300236 32849271 898239288 406100885 203758624 589164201 946089933 669977082 432808111 753163154 758127342 493383137 19213556 872249826 268288888 265512324 18617080 123663727 387967129 237676213 181640800 332815673 366132526 917575910 92942241 759991896 940624423 636797152 189705623 470029128 760431594 525142266 659257289 79646959 938811854 481047511 592674308 673400230 555667673 966968525 311238520 862817857 241515206 321315802 27712734 367400248 280446185 35573976 147891721 340203245 409969068 751467244 617917611 947572111 731295980 118837388 573907800 373344397 329213348 798493235 792425423 620922652 368246209 928555655 584731414 340831128 111070703 876687403 568915834 947948350 27150214 697314238 89359643 460861633 908297198 283673345 899798933 138790 365684433 968879932 646779627 204738717 124345049 300348503 890413302 351650478 922796926 965627094 434536369 992899619 824738418 156729055 745972945 264660070 4425212 681499593 829527776 263032194 663803862 267575740 670089619 84197027 694796712 490248063 498158918 896354956 976486131 158224252 78928133 350952999 954027341 206437164 354533220 958896392 747378721 74621395 992403615 838545523 931834232 408357419 206952813 332299052 872349888 614094535 5861320 944217395 971507576 679581469 987297113 354813121 716482944 666166602 804427547 442413917 678516139 748613783 727717226 792145872 332970321 511691000 773821229 388203893 235353977 991674006 901851230 614972513 358873348 43893632 556314779 270630226 269969096 362459583 74025280 618294850 744882863 263939031 799787358 87563360 191979312 600687848 10929145 686500889 637297587 424815108 412853804 261563409
853456654 407033284 251087733 73311647 981488887 432678965 857358509 880120710 283204335 277288270 425034700 246206073 190982337 578387908 956794599 632958969 0 695486771 471445306 47193641 316082773 624474058 382252442 139939424 907552126 938488309 413199436 676219480 750555659 39451944 835561787 412885595 5539501 946644243 273584125 578336721 328232259 915173762 593760409 172148693 350336083 845189259 832237464 319850153 736925652 803848354 467532127 759106158 131036462 739827950 670132467 840354229 711023763 263036788 965791318 510071798 604849507 968853624 88216473 408599718 358461343 9266229 494579224 125051660 282814027 421599497 572982321 284154466 141066373 299929942 956753795 158581184 673679936 467910036 799066814 341284582 611180128 881914632 12134661 59761678 236146154 563355246 609992451 46739214 982415229 343448486 622856210 796028356 842394850 160633293 488857274 510783672 428741837 313957983 203866903 197450992 218935659 789027498 607444638 962247888 204646804 792143882 139447915 484823368 349374584 627695378 53164733 110938777 809656550 256213506 456522659 93306541 194658086 155744565 263188006 799556188 791781724 947775387 295454060 926902075 909143179 702971407 908495412 145667869 464260046 694886293 30198410 397378063 6548534 21389322 288356643 563485658 699598392 27379113 164013937 711829783 533566461 500904192 689363252 280013129 432627002 450204143 598373133 117482274 273570757 116398433 666654534 532916979 400614483 518797700 681360662 799019139 548749490 773523897 305071876 481096071 375969698 794384299 826289061 315887614 427866568 3122435 503769552 650676937 363974387 507612848 442999462 721095189 385239053 382142642 651908240 761695878 757934975 433637728 561125306 564423143 340149587 63053377 975855884 968841717 381199412 827779787 193615706 616399993 605254940 791735949 293057858 513976162 640870629 128943049 413337867 878518866 37261389 336510359 14913166 509844625 968151827 103520929 635079671 533672764 71651371 116106010 544843011 992933127 713216100 96278250 531220172 546043097 777036371 318617869 800337704 328032984 701284527 393186933 670055282 406730884 393973066 744799209 903492307 775253801
992721322 49518063 588076557 527890674 49684374 721733262 158109519 39806606 508246850 287217558 232642266 734662792 564316953 218119781 121191147 625474878 695486771 0 852326295 196749189 836976109 155479578 8584807 960145055 798988566 657448087 440916309 978009178 935088386 346303395 631663345 488940716 187581584 512586226 631552478 621356755 155805697 268685970 975172695 440172573 657174877 655444478 104417524 7256306 320949397 17069771 127056496 947365995 560500440 361562948 365520127 659860740 235580865 388972658 171875307 872336290 667361183 901861068 568999574 502419316 778444436 469018436 774496478 536881019 962349238 441016482 205371079 651318238 504772476 862037714 533711085 516002345 791150186 522140278 469193049 702913601 101004845 347025371 647530675 810329117 427614697 254453679 953708839 907790405 760857011 972920113 542259178 881828231 136368906 73593176 450080863 73971010 954680798 387891167 22151135 991895137 257487101 991693356 231924125 572454464 917075190 756939230 378846075 167767514 247289853 601911034 242841779 740607501 842263743 591615774 467929115 458621900 407408329 289738338 49695532 272337919 504294534 79596898 494880666 701354749 421824634 855307713 224110927 881984252 908079154 736843537 259070948 50149216 655960632 767734050 723365114 698016069 366044459 100604826 239736476 463556226 951594387 976957158 585503354 638438044 573217049 914723156 261240304 856506745 45909114 610581418 275496007 174822056 14013464 241269446 112367799 491431251 738591168 993760855 310170341 214236327 250745214 422468079 718939990 348413553 715725432 434091233 975116132 557493619 707378850 29136857 729370587 60154990 487096070 439515442 180900269 171275500 944229009 180585925 729488283 152113653 61849587 626628615 73402930 209942121 988198541 754628655 287520764 800562543 413830080 203274458 523882185 292162318 126672918 211286939 430907511 460562679 757888764 800748543 359273625 324397327 209039479 493303893 935915474 814028492 19049493 531725048 302636623 404189627 272791565 520074387 37860146 456283541 704230475 985015040 463655455 300199743 916048315 568187377 207406654 803323074 414323674 994656763 923865018 705197534
